ship_name,upgrade_name,frequency
Imperial II-class Star Destroyer (120),Chimaera (4),39
Imperial II-class Star Destroyer (120),Expert Shield Tech (5),51
Imperial II-class Star Destroyer (120),Boarding Troopers (3),35
Imperial II-class Star Destroyer (120),Early Warning System (7),60
Imperial II-class Star Destroyer (120),Point Defense Ion Cannons (6),126
Imperial II-class Star Destroyer (120),Dual Turbolaser Turrets (4),9
Imperial II-class Star Destroyer (120),Entrapment Formation! (5),33
Imperial II-class Star Destroyer (120),Captain Brunson (9),13
Imperial II-class Star Destroyer (120),Electronic Countermeasures (7),158
Imperial II-class Star Destroyer (120),Captain Needa (2),45
Imperial II-class Star Destroyer (120),Flight Controllers (6),57
Imperial II-class Star Destroyer (120),Expanded Hangar Bay (5),23
Imperial II-class Star Destroyer (120),Ion Cannon Batteries (5),3
Imperial II-class Star Destroyer (120),Turbolaser Reroute Circuits (7),3
Imperial II-class Star Destroyer (120),Seventh Fleet Star Destroyer (5),18
Imperial II-class Star Destroyer (120),Spinal Armament (9),28
Imperial II-class Star Destroyer (120),Gunnery Team (7),87
Imperial II-class Star Destroyer (120),Reserve Hangar Deck (4),31
Imperial II-class Star Destroyer (120),XI7 Turbolasers (6),48
Imperial II-class Star Destroyer (120),Sovereign (4),20
Imperial II-class Star Destroyer (120),Admiral Ozzel (20),28
Imperial II-class Star Destroyer (120),Quad Battery Turrets (5),13
Imperial II-class Star Destroyer (120),Relentless (3),27
Imperial II-class Star Destroyer (120),Reeva Demesne (4),6
Imperial II-class Star Destroyer (120),Leading Shots (5),45
Imperial II-class Star Destroyer (120),Director Krennic (8),13
Imperial II-class Star Destroyer (120),Darth Vader (3),4
Imperial II-class Star Destroyer (120),Veteran Gunners (5),10
Imperial II-class Star Destroyer (120),Heavy Ion Emplacements (9),9
Imperial II-class Star Destroyer (120),SW-7 Ion Batteries (5),25
Imperial II-class Star Destroyer (120),Boosted Comms (4),20
Imperial II-class Star Destroyer (120),Emperor Palpatine (3),42
Imperial II-class Star Destroyer (120),XX-9 Turbolasers (2),2
Imperial II-class Star Destroyer (120),Flight Commander (3),1
Imperial II-class Star Destroyer (120),"All Fighters, Follow Me! (5)",6
Imperial II-class Star Destroyer (120),Quad Laser Turrets (5),15
Imperial II-class Star Destroyer (120),Reinforced Blast Doors (5),16
Imperial II-class Star Destroyer (120),Commander Vanto (7),12
Imperial II-class Star Destroyer (120),Reactive Gunnery (4),7
Imperial II-class Star Destroyer (120),Governor Pryce (6),22
Imperial II-class Star Destroyer (120),Phylon Q7 Tractor Beams (6),7
Imperial II-class Star Destroyer (120),Linked Turbolaser Towers (7),97
Imperial II-class Star Destroyer (120),Admiral Montferrat (5),4
Imperial II-class Star Destroyer (120),Local Fire Control (4),35
Imperial II-class Star Destroyer (120),Gunnery Chief Varnillian (6),7
Imperial II-class Star Destroyer (120),Admiral Chiraneau (10),1
Imperial II-class Star Destroyer (120),Flak Guns (3),23
Imperial II-class Star Destroyer (120),Agent Kallus (3),5
Imperial II-class Star Destroyer (120),Intel Officer (7),7
Imperial II-class Star Destroyer (120),Ruthless Strategists (4),1
Imperial II-class Star Destroyer (120),Heavy Fire Zone (2),4
Imperial II-class Star Destroyer (120),Weapons Battery Techs (4),4
Imperial II-class Star Destroyer (120),Hardened Bulkheads (5),6
Imperial II-class Star Destroyer (120),Overload Pulse (6),1
Imperial II-class Star Destroyer (120),H9 Turbolasers (8),1
Imperial II-class Star Destroyer (120),Proximity Mines (4),7
Imperial II-class Star Destroyer (120),Taskmaster Grint (5),3
Imperial II-class Star Destroyer (120),DBY-827 Heavy Turbolasers (3),4
Imperial II-class Star Destroyer (120),Quad Turbolaser Cannons (10),5
Imperial II-class Star Destroyer (120),Wullf Yularen (7),3
Imperial II-class Star Destroyer (120),Veteran Captain (2),1
Imperial II-class Star Destroyer (120),Sensor Team (5),2
Imperial II-class Star Destroyer (120),Advanced Projectors (6),2
Imperial II-class Star Destroyer (120),Fire-Control Team (2),1
Imperial II-class Star Destroyer (120),NK-7 Ion Cannons (6),1
Imperial II-class Star Destroyer (120),Avenger (5),2
Imperial II-class Star Destroyer (120),Hondo Ohnaka (2),2
Imperial II-class Star Destroyer (120),Heavy Turbolaser Turrets (4),2
Imperial II-class Star Destroyer (120),MS-1 Ion Cannon (2),1
Imperial II-class Star Destroyer (120),Commander Woldar (4),1
Imperial II-class Star Destroyer (120),Admiral Ozzel (2),1
Imperial II-class Star Destroyer (120),Wing Commander (6),2
Imperial II-class Star Destroyer (120),Enhanced Armament (10),2
Imperial II-class Star Destroyer (120),Skilled First Officer (1),3
Imperial II-class Star Destroyer (120),Devastator (10),1
Gozanti-class Cruisers (23),Suppressor (4),47
Gozanti-class Cruisers (23),Minister Tua (2),18
Gozanti-class Cruisers (23),Electronic Countermeasures (7),18
Gozanti-class Cruisers (23),Comms Net (2),399
Gozanti-class Cruisers (23),Darth Vader (4),188
Gozanti-class Cruisers (23),Parts Resupply (3),66
Gozanti-class Cruisers (23),Hondo Ohnaka (2),117
Gozanti-class Cruisers (23),Reserve Hangar Deck (4),120
Gozanti-class Cruisers (23),Munitions Resupply (3),28
Gozanti-class Cruisers (23),Repair Crews (3),36
Gozanti-class Cruisers (23),Commander Woldar (4),13
Gozanti-class Cruisers (23),Jamming Field (2),1
Gozanti-class Cruisers (23),Admiral Titus (2),22
Gozanti-class Cruisers (23),Iden Versio (6),1
Gozanti-class Cruisers (23),Bomber Command Center (8),21
Gozanti-class Cruisers (23),Vector (2),15
Gozanti-class Cruisers (23),Taskmaster Grint (5),2
Gozanti-class Cruisers (23),Boosted Comms (4),20
Gozanti-class Cruisers (23),Slicer Tools (7),15
Gozanti-class Cruisers (23),Phylon Q7 Tractor Beams (6),5
Gozanti-class Cruisers (23),Instructor Goran (7),1
Gozanti-class Cruisers (23),Veteran Captain (2),1
Gozanti-class Cruisers (23),Proximity Mines (4),15
Gozanti-class Cruisers (23),Emperor Palpatine (3),9
Gozanti-class Cruisers (23),Disposable Capacitors (3),7
Gozanti-class Cruisers (23),Director Isard (3),1
Gozanti-class Cruisers (23),Reeva Demesne (4),2
Gozanti-class Cruisers (23),Commander Gherant (2),2
Gozanti-class Cruisers (23),Expanded Hangar Bay (5),9
Gozanti-class Cruisers (23),Admiral Chiraneau (10),1
Gozanti-class Cruisers (23),Agent Kallus (3),1
Gozanti-class Cruisers (23),Quad Laser Turrets (5),1
Gozanti-class Cruisers (23),Flight Commander (3),1
Providence-class Carrier (102),Invincible (5),47
Providence-class Carrier (102),Rune Haako (4),45
Providence-class Carrier (102),Thermal Shields (5),72
Providence-class Carrier (102),Early Warning System (7),37
Providence-class Carrier (102),Reserve Hangar Deck (4),18
Providence-class Carrier (102),External Racks (4),52
Providence-class Carrier (102),Point Defense Ion Cannons (6),59
Providence-class Carrier (102),H9 Turbolasers (8),18
Providence-class Carrier (102),Intensify Firepower! (6),43
Providence-class Carrier (102),B2 Rocket Troopers (7),30
Providence-class Carrier (102),Assault Proton Torpedoes (4),10
Providence-class Carrier (102),XI7 Turbolasers (6),13
Providence-class Carrier (102),Electronic Countermeasures (7),9
Providence-class Carrier (102),Leading Shots (5),15
Providence-class Carrier (102),Expanded Hangar Bay (5),4
Providence-class Carrier (102),Flak Guns (3),4
Providence-class Carrier (102),DBY-827 Heavy Turbolasers (3),5
Providence-class Carrier (102),Tikkes (2),5
Providence-class Carrier (102),Heavy Turbolaser Turrets (4),3
Providence-class Carrier (102),Jedi Hostage (3),25
Providence-class Carrier (102),Rapid Launch Bays (6),1
Providence-class Carrier (102),Dual Turbolaser Turrets (4),2
Providence-class Carrier (102),Boosted Comms (4),15
Providence-class Carrier (102),Take Evasive Action! (6),4
Providence-class Carrier (102),Wat Tambor (9),9
Providence-class Carrier (102),Expanded Launchers (8),1
Providence-class Carrier (102),Shields to Maximum! (6),1
Providence-class Carrier (102),Entrapment Formation! (5),2
Providence-class Carrier (102),Quad Turbolaser Cannons (10),2
Providence-class Carrier (102),Linked Turbolaser Towers (7),17
Providence-class Carrier (102),Quad Battery Turrets (5),5
Providence-class Carrier (102),Shu Mai (4),6
Providence-class Carrier (102),Heavy Ion Emplacements (9),1
Providence-class Carrier (102),Invisible Hand (8),2
Providence-class Carrier (102),Flight Commander (3),2
Providence-class Carrier (102),Flechette Torpedoes (3),2
Providence-class Carrier (102),Asajj Ventress (2),1
Providence-class Carrier (102),Phylon Q7 Tractor Beams (6),1
Providence-class Carrier (102),Reinforced Blast Doors (5),7
Providence-class Carrier (102),Passel Argente (6),6
Providence-class Carrier (102),Swivel-Mount Batteries (8),2
Providence-class Carrier (102),Reactive Gunnery (4),2
Providence-class Carrier (102),Ordnance Pods (3),4
Providence-class Carrier (102),Intel Officer (7),2
Providence-class Carrier (102),TI-99 (4),1
Providence-class Carrier (102),Skilled First Officer (1),1
Providence-class Carrier (102),Lucid Voice (6),1
Providence-class Carrier (102),Flag Bridge (0),1
Providence-class Carrier (102),Advanced Projectors (6),1
Recusant-class Light Destroyer (85),Patriot Fist (6),134
Recusant-class Light Destroyer (85),Tikkes (2),54
Recusant-class Light Destroyer (85),Sensor Team (5),22
Recusant-class Light Destroyer (85),Reserve Hangar Deck (4),56
Recusant-class Light Destroyer (85),External Racks (4),35
Recusant-class Light Destroyer (85),Spinal Armament (9),9
Recusant-class Light Destroyer (85),Veteran Gunners (5),57
Recusant-class Light Destroyer (85),B2 Rocket Troopers (7),41
Recusant-class Light Destroyer (85),Assault Proton Torpedoes (4),91
Recusant-class Light Destroyer (85),Swivel-Mount Batteries (8),95
Recusant-class Light Destroyer (85),Nova Defiant (4),14
Recusant-class Light Destroyer (85),Shu Mai (4),57
Recusant-class Light Destroyer (85),Gunnery Team (7),13
Recusant-class Light Destroyer (85),Ordnance Experts (4),57
Recusant-class Light Destroyer (85),Assault Concussion Missiles (5),6
Recusant-class Light Destroyer (85),XI7 Turbolasers (6),16
Recusant-class Light Destroyer (85),Wat Tambor (9),3
Recusant-class Light Destroyer (85),Phylon Q7 Tractor Beams (6),6
Recusant-class Light Destroyer (85),Quad Turbolaser Cannons (10),6
Recusant-class Light Destroyer (85),Intel Officer (7),14
Recusant-class Light Destroyer (85),Dual Turbolaser Turrets (4),4
Recusant-class Light Destroyer (85),Rune Haako (4),14
Recusant-class Light Destroyer (85),Turbolaser Reroute Circuits (7),9
Recusant-class Light Destroyer (85),XX-9 Turbolasers (2),1
Recusant-class Light Destroyer (85),Linked Turbolaser Towers (7),17
Recusant-class Light Destroyer (85),Flag Bridge (0),2
Recusant-class Light Destroyer (85),Jedi Hostage (3),2
Recusant-class Light Destroyer (85),Quad Battery Turrets (5),1
Recusant-class Light Destroyer (85),Passel Argente (6),1
Recusant-class Light Destroyer (85),Asajj Ventress (2),2
Recusant-class Light Destroyer (85),T-series Tactical Droid (4),3
Recusant-class Light Destroyer (85),Boarding Troopers (3),4
Recusant-class Light Destroyer (85),Ordnance Pods (3),7
Recusant-class Light Destroyer (85),Gilded Aegis (5),2
Recusant-class Light Destroyer (85),H9 Turbolasers (8),1
Recusant-class Light Destroyer (85),Weapons Battery Techs (4),1
Recusant-class Light Destroyer (85),Flak Guns (3),1
Recusant-class Light Destroyer (85),Slaved Turrets (6),1
Gozanti-class Cruisers {CIS} (24),Tikkes (2),14
Gozanti-class Cruisers {CIS} (24),TI-99 (4),12
Gozanti-class Cruisers {CIS} (24),Hondo Ohnaka (2),23
Gozanti-class Cruisers {CIS} (24),Flight Controllers (6),28
Gozanti-class Cruisers {CIS} (24),Heavy Ion Emplacements (9),5
Gozanti-class Cruisers {CIS} (24),Flight Commander (3),2
Gozanti-class Cruisers {CIS} (24),Ordnance Experts (4),9
Gozanti-class Cruisers {CIS} (24),Asajj Ventress (2),1
Gozanti-class Cruisers {CIS} (24),Rune Haako (4),1
Gozanti-class Cruisers {CIS} (24),San Hill (3),3
Gozanti-class Cruisers {CIS} (24),MS-1 Ion Cannon (2),3
Gozanti-class Cruisers {CIS} (24),T-series Tactical Droid (4),1
Gozanti-class Cruisers {CIS} (24),Ruthless Strategists (4),3
Gozanti-class Cruisers {CIS} (24),High-Capacity Ion Turbines (6),1
Gozanti-class Cruisers {CIS} (24),Overload Pulse (6),2
Gozanti-class Cruisers {CIS} (24),Ion Cannon Batteries (5),2
Gozanti-class Cruisers {CIS} (24),Weapons Battery Techs (4),1
MC75 Armored Cruiser (99),Ahsoka Tano (2),2
MC75 Armored Cruiser (99),Flag Bridge (0),6
MC75 Armored Cruiser (99),Reinforced Blast Doors (5),11
MC75 Armored Cruiser (99),External Racks (4),33
MC75 Armored Cruiser (99),Point Defense Ion Cannons (6),33
MC75 Armored Cruiser (99),Intensify Firepower! (6),6
MC75 Armored Cruiser (99),Profundity (7),28
MC75 Armored Cruiser (99),Lando Calrissian (4),7
MC75 Armored Cruiser (99),Boarding Troopers (3),21
MC75 Armored Cruiser (99),Quad Battery Turrets (5),16
MC75 Armored Cruiser (99),Ezra Bridger (3),5
MC75 Armored Cruiser (99),Electronic Countermeasures (7),34
MC75 Armored Cruiser (99),Hondo Ohnaka (2),1
MC75 Armored Cruiser (99),Ordnance Experts (4),3
MC75 Armored Cruiser (99),Rapid Launch Bays (6),2
MC75 Armored Cruiser (99),Intel Officer (7),4
MC75 Armored Cruiser (99),Shriv Suurgav (4),2
MC75 Armored Cruiser (99),Expanded Launchers (8),3
MC75 Armored Cruiser (99),Leading Shots (5),7
MC75 Armored Cruiser (99),XI7 Turbolasers (6),7
MC75 Armored Cruiser (99),Walex Blissex (5),20
MC75 Armored Cruiser (99),Weapons Battery Techs (4),4
MC75 Armored Cruiser (99),Early Warning System (7),5
MC75 Armored Cruiser (99),Heavy Ion Emplacements (9),9
MC75 Armored Cruiser (99),Aspiration (3),11
MC75 Armored Cruiser (99),Dual Turbolaser Turrets (4),1
MC75 Armored Cruiser (99),Fire-Control Team (2),2
MC75 Armored Cruiser (99),Reserve Hangar Deck (4),2
MC75 Armored Cruiser (99),Assault Concussion Missiles (5),3
MC75 Armored Cruiser (99),Ruthless Strategists (4),2
MC75 Armored Cruiser (99),Ordnance Pods (3),9
MC75 Armored Cruiser (99),NK-7 Ion Cannons (6),1
MC75 Armored Cruiser (99),H9 Turbolasers (8),8
MC75 Armored Cruiser (99),Local Fire Control (4),4
MC75 Armored Cruiser (99),Flak Guns (3),3
MC75 Armored Cruiser (99),Reactive Gunnery (4),1
MC75 Armored Cruiser (99),Heavy Turbolaser Turrets (4),1
MC75 Armored Cruiser (99),General Dodonna (20),5
MC75 Armored Cruiser (99),Damage Control Officer (3),2
MC75 Armored Cruiser (99),Caitken and Shollan (6),11
MC75 Armored Cruiser (99),Overload Pulse (6),1
MC75 Armored Cruiser (99),Linked Turbolaser Towers (7),5
MC75 Armored Cruiser (99),XX-9 Turbolasers (2),5
MC75 Armored Cruiser (99),Major Derlin (7),2
MC75 Armored Cruiser (99),Spinal Armament (9),1
MC75 Armored Cruiser (99),General Draven (20),1
MC75 Armored Cruiser (99),Mon Calamari Exodus Fleet (5),3
MC75 Armored Cruiser (99),Expert Shield Tech (5),1
MC75 Armored Cruiser (99),Proximity Mines (4),1
MC75 Armored Cruiser (99),Hardened Bulkheads (5),1
MC75 Armored Cruiser (99),Raymus Antilles (7),2
MC75 Armored Cruiser (99),Advanced Projectors (6),1
MC75 Armored Cruiser (99),Assault Proton Torpedoes (4),1
MC75 Armored Cruiser (99),Flight Controllers (6),2
MC75 Armored Cruiser (99),Boosted Comms (4),2
MC75 Armored Cruiser (99),Flight Commander (3),1
MC75 Armored Cruiser (99),SW-7 Ion Batteries (5),1
MC75 Armored Cruiser (99),Toryn Farr (7),1
CR90 Corvette B (39),Hondo Ohnaka (2),17
CR90 Corvette B (39),Overload Pulse (6),10
CR90 Corvette B (39),Tantive IV (3),14
CR90 Corvette B (39),Projection Experts (6),15
CR90 Corvette B (39),Toryn Farr (7),1
CR90 Corvette B (39),Major Derlin (7),4
CR90 Corvette B (39),Electronic Countermeasures (7),4
CR90 Corvette B (39),Point Defense Ion Cannons (6),2
CR90 Corvette B (39),Liberator (2),2
CR90 Corvette B (39),"All Fighters, Follow Me! (5)",1
CR90 Corvette B (39),Ezra Bridger (3),8
CR90 Corvette B (39),Engine Techs (8),6
CR90 Corvette B (39),SW-7 Ion Batteries (5),8
CR90 Corvette B (39),Chart Officer (2),1
CR90 Corvette B (39),Dodonna's Pride (4),13
CR90 Corvette B (39),Ahsoka Tano (2),5
CR90 Corvette B (39),Redundant Shields (8),1
CR90 Corvette B (39),Jaina's Light (5),19
CR90 Corvette B (39),Heavy Ion Emplacements (9),3
CR90 Corvette B (39),Entrapment Formation! (5),1
CR90 Corvette B (39),MS-1 Ion Cannon (2),3
CR90 Corvette B (39),Captain Rex (5),4
CR90 Corvette B (39),Ion Cannon Batteries (5),6
CR90 Corvette B (39),Raymus Antilles (7),4
CR90 Corvette B (39),High-Capacity Ion Turbines (6),1
CR90 Corvette B (39),Fighter Coordination Team (3),1
CR90 Corvette B (39),Sabine Wren (4),1
CR90 Corvette B (39),Reinforced Blast Doors (5),3
CR90 Corvette B (39),Medical Team (1),2
CR90 Corvette B (39),General Dodonna (20),2
CR90 Corvette B (39),Adar Tallon (10),1
GR-75 Medium Transports (18),Leia Organa (3),21
GR-75 Medium Transports (18),Comms Net (2),190
GR-75 Medium Transports (18),Ezra Bridger (3),28
GR-75 Medium Transports (18),Hondo Ohnaka (2),49
GR-75 Medium Transports (18),Toryn Farr (7),102
GR-75 Medium Transports (18),Boosted Comms (4),98
GR-75 Medium Transports (18),Slicer Tools (7),28
GR-75 Medium Transports (18),Bright Hope (2),147
GR-75 Medium Transports (18),Munitions Resupply (3),27
GR-75 Medium Transports (18),Parts Resupply (3),74
GR-75 Medium Transports (18),Ahsoka Tano (2),78
GR-75 Medium Transports (18),Quantum Storm (1),25
GR-75 Medium Transports (18),Lando Calrissian (4),1
GR-75 Medium Transports (18),Adar Tallon (10),63
GR-75 Medium Transports (18),Wedge Antilles (4),12
GR-75 Medium Transports (18),Bomber Command Center (8),74
GR-75 Medium Transports (18),Reserve Hangar Deck (4),24
GR-75 Medium Transports (18),Jamming Field (2),4
GR-75 Medium Transports (18),Sabine Wren (4),6
GR-75 Medium Transports (18),Proximity Mines (4),8
GR-75 Medium Transports (18),GR-75 Medium Transports (18),2
GR-75 Medium Transports (18),Repair Crews (3),9
GR-75 Medium Transports (18),Expanded Hangar Bay (5),12
GR-75 Medium Transports (18),Major Derlin (7),2
GR-75 Medium Transports (18),Raymus Antilles (7),2
GR-75 Medium Transports (18),Rapid Launch Bays (6),2
Imperial Star Destroyer Kuat Refit (112),Sovereign (4),6
Imperial Star Destroyer Kuat Refit (112),Admiral Montferrat (5),2
Imperial Star Destroyer Kuat Refit (112),Boarding Troopers (3),16
Imperial Star Destroyer Kuat Refit (112),Electronic Countermeasures (7),60
Imperial Star Destroyer Kuat Refit (112),External Racks (4),34
Imperial Star Destroyer Kuat Refit (112),Leading Shots (5),30
Imperial Star Destroyer Kuat Refit (112),Governor Pryce (6),11
Imperial Star Destroyer Kuat Refit (112),Fire-Control Team (2),2
Imperial Star Destroyer Kuat Refit (112),Early Warning System (7),10
Imperial Star Destroyer Kuat Refit (112),Heavy Ion Emplacements (9),2
Imperial Star Destroyer Kuat Refit (112),Assault Concussion Missiles (5),11
Imperial Star Destroyer Kuat Refit (112),Expert Shield Tech (5),14
Imperial Star Destroyer Kuat Refit (112),Darth Vader (3),9
Imperial Star Destroyer Kuat Refit (112),Reinforced Blast Doors (5),16
Imperial Star Destroyer Kuat Refit (112),Point Defense Ion Cannons (6),43
Imperial Star Destroyer Kuat Refit (112),Expanded Launchers (8),9
Imperial Star Destroyer Kuat Refit (112),Ordnance Experts (4),33
Imperial Star Destroyer Kuat Refit (112),Reserve Hangar Deck (4),9
Imperial Star Destroyer Kuat Refit (112),Ordnance Pods (3),11
Imperial Star Destroyer Kuat Refit (112),Admiral Ozzel (2),8
Imperial Star Destroyer Kuat Refit (112),Admiral Ozzel (20),5
Imperial Star Destroyer Kuat Refit (112),Phylon Q7 Tractor Beams (6),3
Imperial Star Destroyer Kuat Refit (112),Wide-Area Barrage (2),1
Imperial Star Destroyer Kuat Refit (112),Emperor Palpatine (3),26
Imperial Star Destroyer Kuat Refit (112),Local Fire Control (4),7
Imperial Star Destroyer Kuat Refit (112),Flak Guns (3),5
Imperial Star Destroyer Kuat Refit (112),Reactive Gunnery (4),1
Imperial Star Destroyer Kuat Refit (112),Devastator (10),4
Imperial Star Destroyer Kuat Refit (112),Reeva Demesne (4),3
Imperial Star Destroyer Kuat Refit (112),Chimaera (4),6
Imperial Star Destroyer Kuat Refit (112),Captain Brunson (9),5
Imperial Star Destroyer Kuat Refit (112),Entrapment Formation! (5),3
Imperial Star Destroyer Kuat Refit (112),Skilled First Officer (1),4
Imperial Star Destroyer Kuat Refit (112),Relentless (3),5
Imperial Star Destroyer Kuat Refit (112),Assault Proton Torpedoes (4),18
Imperial Star Destroyer Kuat Refit (112),Avenger (5),3
Imperial Star Destroyer Kuat Refit (112),Veteran Gunners (5),3
Imperial Star Destroyer Kuat Refit (112),Boosted Comms (4),1
Imperial Star Destroyer Kuat Refit (112),Defense Liaison (3),1
Imperial Star Destroyer Kuat Refit (112),Seventh Fleet Star Destroyer (5),4
Imperial Star Destroyer Kuat Refit (112),Ion Cannon Batteries (5),1
Imperial Star Destroyer Kuat Refit (112),Gunnery Chief Varnillian (6),1
Imperial Star Destroyer Kuat Refit (112),Redundant Shields (8),3
Imperial Star Destroyer Kuat Refit (112),Intensify Firepower! (6),3
Imperial Star Destroyer Kuat Refit (112),Admiral Titus (2),1
Imperial Star Destroyer Kuat Refit (112),Gunnery Team (7),10
Imperial Star Destroyer Kuat Refit (112),Commander Vanto (7),4
Imperial Star Destroyer Kuat Refit (112),Captain Needa (2),4
Imperial Star Destroyer Kuat Refit (112),Overload Pulse (6),3
Imperial Star Destroyer Kuat Refit (112),Commander Beck (3),1
Imperial Star Destroyer Kuat Refit (112),Taskmaster Grint (5),1
Imperial Star Destroyer Kuat Refit (112),Agent Kallus (3),2
Imperial Star Destroyer Kuat Refit (112),Quad Laser Turrets (5),4
Imperial Star Destroyer Kuat Refit (112),Hardened Bulkheads (5),4
Imperial Star Destroyer Kuat Refit (112),Ruthless Strategists (4),1
Imperial Star Destroyer Kuat Refit (112),Advanced Transponder Net (5),1
Quasar Fire I-class Cruiser-Carrier (54),Squall (7),82
Quasar Fire I-class Cruiser-Carrier (54),Admiral Chiraneau (10),12
Quasar Fire I-class Cruiser-Carrier (54),Flight Controllers (6),120
Quasar Fire I-class Cruiser-Carrier (54),Boosted Comms (4),116
Quasar Fire I-class Cruiser-Carrier (54),Expanded Hangar Bay (5),80
Quasar Fire I-class Cruiser-Carrier (54),Skilled First Officer (1),27
Quasar Fire I-class Cruiser-Carrier (54),Pursuant (2),19
Quasar Fire I-class Cruiser-Carrier (54),Emperor Palpatine (3),6
Quasar Fire I-class Cruiser-Carrier (54),Minister Tua (2),4
Quasar Fire I-class Cruiser-Carrier (54),Electronic Countermeasures (7),4
Quasar Fire I-class Cruiser-Carrier (54),Taskmaster Grint (5),31
Quasar Fire I-class Cruiser-Carrier (54),Reserve Hangar Deck (4),21
Quasar Fire I-class Cruiser-Carrier (54),Commander Woldar (4),1
Quasar Fire I-class Cruiser-Carrier (54),Admiral Ozzel (20),2
Quasar Fire I-class Cruiser-Carrier (54),Hondo Ohnaka (2),7
Quasar Fire I-class Cruiser-Carrier (54),Commander Beck (3),1
Quasar Fire I-class Cruiser-Carrier (54),Commander Gherant (2),2
Quasar Fire I-class Cruiser-Carrier (54),Stronghold (3),2
Quasar Fire I-class Cruiser-Carrier (54),Flight Commander (3),4
Quasar Fire I-class Cruiser-Carrier (54),Boarding Troopers (3),5
Quasar Fire I-class Cruiser-Carrier (54),Commander Vanto (7),2
Quasar Fire I-class Cruiser-Carrier (54),Veteran Captain (2),1
Quasar Fire I-class Cruiser-Carrier (54),Proximity Mines (4),1
Quasar Fire I-class Cruiser-Carrier (54),Instructor Goran (7),1
Quasar Fire I-class Cruiser-Carrier (54),Advanced Transponder Net (5),1
Quasar Fire I-class Cruiser-Carrier (54),Rapid Launch Bays (6),1
Quasar Fire I-class Cruiser-Carrier (54),Quad Laser Turrets (5),1
Quasar Fire I-class Cruiser-Carrier (54),Captain Needa (2),1
Quasar Fire I-class Cruiser-Carrier (54),Disposable Capacitors (3),2
Quasar Fire I-class Cruiser-Carrier (54),Admiral Titus (2),1
Quasar Fire I-class Cruiser-Carrier (54),Flag Bridge (0),1
Quasar Fire I-class Cruiser-Carrier (54),"All Fighters, Follow Me! (5)",1
Onager-class Testbed (116),Governor Pryce (6),85
Onager-class Testbed (116),Gunnery Chief Varnillian (6),38
Onager-class Testbed (116),Ordnance Experts (4),66
Onager-class Testbed (116),Orbital Bombardment Particle Cannons (5),157
Onager-class Testbed (116),Veteran Gunners (5),104
Onager-class Testbed (116),Engine Techs (8),52
Onager-class Testbed (116),Cataclysm (5),51
Onager-class Testbed (116),Intel Officer (7),28
Onager-class Testbed (116),Sensor Team (5),64
Onager-class Testbed (116),Rakehell (4),15
Onager-class Testbed (116),Hondo Ohnaka (2),4
Onager-class Testbed (116),Projection Experts (6),2
Onager-class Testbed (116),Emperor Palpatine (3),3
Onager-class Testbed (116),Admiral Ozzel (2),9
Onager-class Testbed (116),Weapons Battery Techs (4),3
Onager-class Testbed (116),Skilled First Officer (1),5
Onager-class Testbed (116),Medical Team (1),23
Onager-class Testbed (116),Admiral Ozzel (20),4
Onager-class Testbed (116),Captain Needa (2),4
Onager-class Testbed (116),Minister Tua (2),2
Onager-class Testbed (116),Reinforced Blast Doors (5),1
Onager-class Testbed (116),Fire-Control Team (2),2
Onager-class Testbed (116),Navigation Officer (6),2
Onager-class Testbed (116),Admiral Titus (2),7
Onager-class Testbed (116),Auxiliary Shields Team (3),1
Onager-class Testbed (116),Superheavy Composite Beam Turbolasers (7),1
Onager-class Testbed (116),Nav Team (4),2
Onager-class Testbed (116),Gunnery Team (7),1
Onager-class Testbed (116),Taskmaster Grint (5),1
Onager-class Testbed (116),Electronic Countermeasures (7),1
Victory II-class Star Destroyer (80),Harrow (3),25
Victory II-class Star Destroyer (80),Minister Tua (2),8
Victory II-class Star Destroyer (80),Gunnery Team (7),26
Victory II-class Star Destroyer (80),Electronic Countermeasures (7),8
Victory II-class Star Destroyer (80),Disposable Capacitors (3),37
Victory II-class Star Destroyer (80),Point Defense Ion Cannons (6),5
Victory II-class Star Destroyer (80),XI7 Turbolasers (6),6
Victory II-class Star Destroyer (80),Admiral Ozzel (20),4
Victory II-class Star Destroyer (80),Engine Techs (8),18
Victory II-class Star Destroyer (80),Veteran Gunners (5),7
Victory II-class Star Destroyer (80),Heavy Ion Emplacements (9),16
Victory II-class Star Destroyer (80),Quad Battery Turrets (5),19
Victory II-class Star Destroyer (80),Commander Beck (3),8
Victory II-class Star Destroyer (80),Corrupter (3),1
Victory II-class Star Destroyer (80),Expert Shield Tech (5),5
Victory II-class Star Destroyer (80),Dual Turbolaser Turrets (4),1
Victory II-class Star Destroyer (80),Emperor Palpatine (3),3
Victory II-class Star Destroyer (80),Leading Shots (5),10
Victory II-class Star Destroyer (80),Taskmaster Grint (5),1
Victory II-class Star Destroyer (80),Dominator (7),2
Victory II-class Star Destroyer (80),Reeva Demesne (4),1
Victory II-class Star Destroyer (80),SW-7 Ion Batteries (5),2
Victory II-class Star Destroyer (80),XX-9 Turbolasers (2),1
Victory II-class Star Destroyer (80),Seventh Fleet Star Destroyer (5),2
Victory II-class Star Destroyer (80),Linked Turbolaser Towers (7),2
Victory II-class Star Destroyer (80),Admiral Ozzel (2),1
Victory II-class Star Destroyer (80),Fighter Coordination Team (3),3
Victory II-class Star Destroyer (80),Warlord (8),1
Victory II-class Star Destroyer (80),Governor Pryce (6),2
Victory II-class Star Destroyer (80),H9 Turbolasers (8),1
Victory II-class Star Destroyer (80),Auxiliary Shields Team (3),1
Victory II-class Star Destroyer (80),Flight Controllers (6),2
Victory II-class Star Destroyer (80),Boosted Comms (4),2
Victory II-class Star Destroyer (80),Instructor Goran (7),2
Victory II-class Star Destroyer (80),Reserve Hangar Deck (4),1
Victory II-class Star Destroyer (80),Spinal Armament (9),5
Victory II-class Star Destroyer (80),Ion Cannon Batteries (5),1
Victory II-class Star Destroyer (80),Proximity Mines (4),1
Victory II-class Star Destroyer (80),Flight Commander (3),1
Victory II-class Star Destroyer (80),Weapons Battery Techs (4),1
Victory II-class Star Destroyer (80),Overload Pulse (6),1
Victory II-class Star Destroyer (80),Captain Brunson (9),1
Victory II-class Star Destroyer (80),Local Fire Control (4),1
Victory II-class Star Destroyer (80),Quad Turbolaser Cannons (10),1
Victory II-class Star Destroyer (80),Expanded Hangar Bay (5),1
Victory II-class Star Destroyer (80),Enhanced Armament (10),1
Victory II-class Star Destroyer (80),Commander Vanto (7),1
MC80 Command Cruiser (102),Home One (5),12
MC80 Command Cruiser (102),Expert Shield Tech (5),8
MC80 Command Cruiser (102),Engine Techs (8),13
MC80 Command Cruiser (102),Flag Bridge (0),3
MC80 Command Cruiser (102),Electronic Countermeasures (7),11
MC80 Command Cruiser (102),Point Defense Ion Cannons (6),8
MC80 Command Cruiser (102),Intensify Firepower! (6),3
MC80 Command Cruiser (102),Early Warning System (7),5
MC80 Command Cruiser (102),Ahsoka Tano (2),1
MC80 Command Cruiser (102),Leading Shots (5),10
MC80 Command Cruiser (102),XI7 Turbolasers (6),5
MC80 Command Cruiser (102),Defiance (5),10
MC80 Command Cruiser (102),Raymus Antilles (7),6
MC80 Command Cruiser (102),Rapid Launch Bays (6),3
MC80 Command Cruiser (102),Boosted Comms (4),4
MC80 Command Cruiser (102),Advanced Projectors (6),5
MC80 Command Cruiser (102),Quad Battery Turrets (5),9
MC80 Command Cruiser (102),Independence (8),2
MC80 Command Cruiser (102),Toryn Farr (7),1
MC80 Command Cruiser (102),Flight Commander (3),3
MC80 Command Cruiser (102),Fighter Coordination Team (3),3
MC80 Command Cruiser (102),Expanded Hangar Bay (5),5
MC80 Command Cruiser (102),Engineering Team (3),3
MC80 Command Cruiser (102),Quad Laser Turrets (5),1
MC80 Command Cruiser (102),Reinforced Blast Doors (5),2
MC80 Command Cruiser (102),Linked Turbolaser Towers (7),8
MC80 Command Cruiser (102),Adar Tallon (10),2
MC80 Command Cruiser (102),Medical Team (1),2
MC80 Command Cruiser (102),Weapons Liaison (3),1
MC80 Command Cruiser (102),Reserve Hangar Deck (4),1
MC80 Command Cruiser (102),SW-7 Ion Batteries (5),1
MC80 Command Cruiser (102),Intel Officer (7),1
MC80 Command Cruiser (102),Heavy Ion Emplacements (9),2
MC80 Command Cruiser (102),Walex Blissex (5),1
MC80 Command Cruiser (102),Reactive Gunnery (4),2
MC80 Command Cruiser (102),Lando Calrissian (4),2
MC80 Command Cruiser (102),Projection Experts (6),2
MC80 Command Cruiser (102),General Dodonna (20),2
MC80 Command Cruiser (102),Ezra Bridger (3),1
MC80 Command Cruiser (102),External Racks (4),1
MC75 Ordnance Cruiser (95),Profundity (7),23
MC75 Ordnance Cruiser (95),Walex Blissex (5),12
MC75 Ordnance Cruiser (95),Ordnance Experts (4),31
MC75 Ordnance Cruiser (95),Electronic Countermeasures (7),29
MC75 Ordnance Cruiser (95),Expanded Launchers (8),17
MC75 Ordnance Cruiser (95),External Racks (4),34
MC75 Ordnance Cruiser (95),Intel Officer (7),7
MC75 Ordnance Cruiser (95),Assault Proton Torpedoes (4),16
MC75 Ordnance Cruiser (95),Skilled First Officer (1),3
MC75 Ordnance Cruiser (95),Caitken and Shollan (6),9
MC75 Ordnance Cruiser (95),Reinforced Blast Doors (5),5
MC75 Ordnance Cruiser (95),Lando Calrissian (4),4
MC75 Ordnance Cruiser (95),Sensor Team (5),1
MC75 Ordnance Cruiser (95),Aspiration (3),8
MC75 Ordnance Cruiser (95),Assault Concussion Missiles (5),9
MC75 Ordnance Cruiser (95),Boosted Comms (4),1
MC75 Ordnance Cruiser (95),Mon Calamari Exodus Fleet (5),6
MC75 Ordnance Cruiser (95),Ahsoka Tano (2),1
MC75 Ordnance Cruiser (95),Wide-Area Barrage (2),1
MC75 Ordnance Cruiser (95),Phylon Q7 Tractor Beams (6),2
MC75 Ordnance Cruiser (95),Proximity Mines (4),2
MC75 Ordnance Cruiser (95),Early Warning System (7),2
MC75 Ordnance Cruiser (95),Raymus Antilles (7),2
MC75 Ordnance Cruiser (95),Toryn Farr (7),1
MC75 Ordnance Cruiser (95),Expanded Hangar Bay (5),1
MC75 Ordnance Cruiser (95),Hardened Bulkheads (5),2
MC75 Ordnance Cruiser (95),Hondo Ohnaka (2),1
MC75 Ordnance Cruiser (95),Rapid Launch Bays (6),1
MC75 Ordnance Cruiser (95),Ordnance Pods (3),1
MC75 Ordnance Cruiser (95),Passel Argente (6),1
MC75 Ordnance Cruiser (95),Ezra Bridger (3),1
MC75 Ordnance Cruiser (95),Gunnery Team (7),1
MC75 Ordnance Cruiser (95),Quad Laser Turrets (5),1
MC75 Ordnance Cruiser (95),Flak Guns (3),1
MC75 Ordnance Cruiser (95),Reactive Gunnery (4),2
MC75 Ordnance Cruiser (95),Damage Control Officer (3),2
Hammerhead Torpedo Corvette (36),Veteran Captain (2),1
Hammerhead Torpedo Corvette (36),Shriv Suurgav (4),23
Hammerhead Torpedo Corvette (36),External Racks (4),76
Hammerhead Torpedo Corvette (36),Ezra Bridger (3),10
Hammerhead Torpedo Corvette (36),Ordnance Experts (4),51
Hammerhead Torpedo Corvette (36),Garel's Honor (4),31
Hammerhead Torpedo Corvette (36),Hondo Ohnaka (2),10
Hammerhead Torpedo Corvette (36),General Dodonna (20),2
Hammerhead Torpedo Corvette (36),Disposable Capacitors (3),21
Hammerhead Torpedo Corvette (36),Assault Concussion Missiles (5),2
Hammerhead Torpedo Corvette (36),Cham Syndulla (5),2
Hammerhead Torpedo Corvette (36),Task Force Organa (1),44
Hammerhead Torpedo Corvette (36),Sabine Wren (4),2
Hammerhead Torpedo Corvette (36),Assault Proton Torpedoes (4),30
Hammerhead Torpedo Corvette (36),Ahsoka Tano (2),3
Hammerhead Torpedo Corvette (36),Proximity Mines (4),2
Hammerhead Torpedo Corvette (36),Intel Officer (7),2
Hammerhead Torpedo Corvette (36),Walex Blissex (5),1
Hammerhead Torpedo Corvette (36),Boarding Engineers (2),7
Hammerhead Torpedo Corvette (36),Flight Controllers (6),2
Hammerhead Torpedo Corvette (36),Expanded Hangar Bay (5),2
Hammerhead Torpedo Corvette (36),Fire-Control Team (2),1
Hammerhead Torpedo Corvette (36),Jyn Erso (4),2
Hammerhead Torpedo Corvette (36),Reserve Hangar Deck (4),1
Hammerhead Torpedo Corvette (36),Lando Calrissian (4),1
Hammerhead Torpedo Corvette (36),Captain Rex (5),1
Hammerhead Torpedo Corvette (36),Task Force Antilles (3),6
Hammerhead Torpedo Corvette (36),Flight Commander (3),1
Assault Frigate Mark II B (72),Intel Officer (7),52
Assault Frigate Mark II B (72),Caitken and Shollan (6),57
Assault Frigate Mark II B (72),Electronic Countermeasures (7),107
Assault Frigate Mark II B (72),Slaved Turrets (6),33
Assault Frigate Mark II B (72),Gallant Haven (8),19
Assault Frigate Mark II B (72),XI7 Turbolasers (6),12
Assault Frigate Mark II B (72),Hondo Ohnaka (2),3
Assault Frigate Mark II B (72),Raymus Antilles (7),6
Assault Frigate Mark II B (72),Boarding Troopers (3),16
Assault Frigate Mark II B (72),Dual Turbolaser Turrets (4),11
Assault Frigate Mark II B (72),Toryn Farr (7),12
Assault Frigate Mark II B (72),Flight Controllers (6),29
Assault Frigate Mark II B (72),Lando Calrissian (4),6
Assault Frigate Mark II B (72),Expanded Hangar Bay (5),4
Assault Frigate Mark II B (72),Walex Blissex (5),15
Assault Frigate Mark II B (72),Boosted Comms (4),27
Assault Frigate Mark II B (72),Reinforced Blast Doors (5),12
Assault Frigate Mark II B (72),Turbolaser Reroute Circuits (7),2
Assault Frigate Mark II B (72),Adar Tallon (10),7
Assault Frigate Mark II B (72),Enhanced Armament (10),11
Assault Frigate Mark II B (72),Reserve Hangar Deck (4),16
Assault Frigate Mark II B (72),Linked Turbolaser Towers (7),61
Assault Frigate Mark II B (72),Skilled First Officer (1),9
Assault Frigate Mark II B (72),Gunnery Team (7),20
Assault Frigate Mark II B (72),Veteran Gunners (5),10
Assault Frigate Mark II B (72),Quad Turbolaser Cannons (10),1
Assault Frigate Mark II B (72),Ezra Bridger (3),2
Assault Frigate Mark II B (72),Proximity Mines (4),8
Assault Frigate Mark II B (72),Major Derlin (7),5
Assault Frigate Mark II B (72),Reactive Gunnery (4),7
Assault Frigate Mark II B (72),Kyrsta Agate (5),3
Assault Frigate Mark II B (72),Flag Bridge (0),1
Assault Frigate Mark II B (72),Intensify Firepower! (6),1
Assault Frigate Mark II B (72),Quad Battery Turrets (5),2
Assault Frigate Mark II B (72),Redundant Shields (8),2
Assault Frigate Mark II B (72),Heavy Turbolaser Turrets (4),2
Assault Frigate Mark II B (72),General Dodonna (20),2
Assault Frigate Mark II B (72),Boarding Engineers (2),1
Assault Frigate Mark II B (72),Shriv Suurgav (4),3
Assault Frigate Mark II B (72),Paragon (5),5
Assault Frigate Mark II B (72),Ordnance Experts (4),2
Assault Frigate Mark II B (72),Flight Commander (3),2
Assault Frigate Mark II B (72),Early Warning System (7),5
Assault Frigate Mark II B (72),Rapid Launch Bays (6),1
Assault Frigate Mark II B (72),Jyn Erso (4),1
Assault Frigate Mark II B (72),Advanced Projectors (6),4
Assault Frigate Mark II B (72),Wing Commander (6),2
Assault Frigate Mark II B (72),Local Fire Control (4),1
Assault Frigate Mark II B (72),Ahsoka Tano (2),4
MC30c Scout Frigate (69),Foresight (10),61
MC30c Scout Frigate (69),Expert Shield Tech (5),25
MC30c Scout Frigate (69),Ordnance Experts (4),53
MC30c Scout Frigate (69),External Racks (4),63
MC30c Scout Frigate (69),H9 Turbolasers (8),6
MC30c Scout Frigate (69),Caitken and Shollan (6),13
MC30c Scout Frigate (69),Lando Calrissian (4),6
MC30c Scout Frigate (69),Electronic Countermeasures (7),9
MC30c Scout Frigate (69),Turbolaser Reroute Circuits (7),54
MC30c Scout Frigate (69),Assault Proton Torpedoes (4),21
MC30c Scout Frigate (69),Enhanced Armament (10),2
MC30c Scout Frigate (69),Intel Officer (7),27
MC30c Scout Frigate (69),Veteran Gunners (5),20
MC30c Scout Frigate (69),Admonition (10),7
MC30c Scout Frigate (69),Reinforced Blast Doors (5),4
MC30c Scout Frigate (69),Rapid Reload (4),2
MC30c Scout Frigate (69),XI7 Turbolasers (6),3
MC30c Scout Frigate (69),Skilled First Officer (1),6
MC30c Scout Frigate (69),Linked Turbolaser Towers (7),7
MC30c Scout Frigate (69),Heavy Turbolaser Turrets (4),1
MC30c Scout Frigate (69),Early Warning System (7),5
MC30c Scout Frigate (69),Chart Officer (2),1
MC30c Scout Frigate (69),Ezra Bridger (3),5
MC30c Scout Frigate (69),Advanced Projectors (6),8
MC30c Scout Frigate (69),Spinal Armament (9),13
MC30c Scout Frigate (69),Ahsoka Tano (2),1
MC30c Scout Frigate (69),Walex Blissex (5),4
MC30c Scout Frigate (69),Toryn Farr (7),1
MC30c Scout Frigate (69),Expanded Launchers (8),1
MC30c Scout Frigate (69),Dual Turbolaser Turrets (4),3
MC30c Scout Frigate (69),Hondo Ohnaka (2),3
MC30c Scout Frigate (69),Quad Turbolaser Cannons (10),1
MC30c Scout Frigate (69),Kyrsta Agate (5),1
MC30c Scout Frigate (69),Wide-Area Barrage (2),2
MC30c Scout Frigate (69),Gunnery Team (7),1
MC30c Scout Frigate (69),Slaved Turrets (6),1
CR90 Corvette A (44),Jaina's Light (5),186
CR90 Corvette A (44),Turbolaser Reroute Circuits (7),350
CR90 Corvette A (44),Liberator (2),6
CR90 Corvette A (44),Entrapment Formation! (5),4
CR90 Corvette A (44),Ahsoka Tano (2),25
CR90 Corvette A (44),Tantive IV (3),20
CR90 Corvette A (44),Ezra Bridger (3),54
CR90 Corvette A (44),Projection Experts (6),4
CR90 Corvette A (44),Dual Turbolaser Turrets (4),6
CR90 Corvette A (44),Lando Calrissian (4),8
CR90 Corvette A (44),Engine Techs (8),16
CR90 Corvette A (44),Electronic Countermeasures (7),4
CR90 Corvette A (44),Major Derlin (7),2
CR90 Corvette A (44),General Dodonna (20),9
CR90 Corvette A (44),Raymus Antilles (7),4
CR90 Corvette A (44),Hondo Ohnaka (2),25
CR90 Corvette A (44),Veteran Captain (2),1
CR90 Corvette A (44),Heavy Turbolaser Turrets (4),1
CR90 Corvette A (44),Sabine Wren (4),9
CR90 Corvette A (44),Fighter Coordination Team (3),2
CR90 Corvette A (44),Cluster Bombs (5),7
CR90 Corvette A (44),Linked Turbolaser Towers (7),16
CR90 Corvette A (44),Dodonna's Pride (4),5
CR90 Corvette A (44),Early Warning System (7),2
CR90 Corvette A (44),GR-75 Medium Transports (18),2
CR90 Corvette A (44),General Draven (3),1
CR90 Corvette A (44),Adar Tallon (10),3
CR90 Corvette A (44),Toryn Farr (7),5
CR90 Corvette A (44),Auxiliary Shields Team (3),3
CR90 Corvette A (44),Reinforced Blast Doors (5),3
CR90 Corvette A (44),Kyrsta Agate (5),1
CR90 Corvette A (44),Nav Team (4),1
CR90 Corvette A (44),Leia Organa (3),5
CR90 Corvette A (44),Redundant Shields (8),1
CR90 Corvette A (44),Engineering Team (3),2
CR90 Corvette A (44),XI7 Turbolasers (6),1
CR90 Corvette A (44),Intel Officer (7),13
CR90 Corvette A (44),Spinal Armament (9),1
CR90 Corvette A (44),Wedge Antilles (4),1
CR90 Corvette A (44),Walex Blissex (5),1
CR90 Corvette A (44),"All Fighters, Follow Me! (5)",2
CR90 Corvette A (44),General Draven (20),1
CR90 Corvette A (44),Enhanced Armament (10),2
Venator II-class Star Destroyer (100),Tranquility (7),129
Venator II-class Star Destroyer (100),Flight Commander (3),13
Venator II-class Star Destroyer (100),Flight Controllers (6),68
Venator II-class Star Destroyer (100),Flag Bridge (0),50
Venator II-class Star Destroyer (100),Thermal Shields (5),185
Venator II-class Star Destroyer (100),Linked Turbolaser Towers (7),48
Venator II-class Star Destroyer (100),Mercy Mission (5),50
Venator II-class Star Destroyer (100),Adi Gallia (3),19
Venator II-class Star Destroyer (100),DBY-827 Heavy Turbolasers (3),81
Venator II-class Star Destroyer (100),Skilled First Officer (1),13
Venator II-class Star Destroyer (100),External Racks (4),72
Venator II-class Star Destroyer (100),Veteran Captain (2),2
Venator II-class Star Destroyer (100),Veteran Gunners (5),18
Venator II-class Star Destroyer (100),SPHA-T (7),54
Venator II-class Star Destroyer (100),XI7 Turbolasers (6),35
Venator II-class Star Destroyer (100),Resolute (4),17
Venator II-class Star Destroyer (100),Ordnance Experts (4),24
Venator II-class Star Destroyer (100),Hyperspace Rings (3),9
Venator II-class Star Destroyer (100),Expert Shield Tech (5),38
Venator II-class Star Destroyer (100),Boosted Comms (4),24
Venator II-class Star Destroyer (100),Heavy Fire Zone (2),1
Venator II-class Star Destroyer (100),Triumphant (5),5
Venator II-class Star Destroyer (100),Hondo Ohnaka (2),4
Venator II-class Star Destroyer (100),Boarding Troopers (3),2
Venator II-class Star Destroyer (100),XX-9 Turbolasers (2),1
Venator II-class Star Destroyer (100),Local Fire Control (4),58
Venator II-class Star Destroyer (100),Flak Guns (3),42
Venator II-class Star Destroyer (100),Ruthless Strategists (4),31
Venator II-class Star Destroyer (100),Rapid Launch Bays (6),4
Venator II-class Star Destroyer (100),Clone Navigation Officer (4),19
Venator II-class Star Destroyer (100),Clone Gunners (4),7
Venator II-class Star Destroyer (100),Clone Captain Silver (4),21
Venator II-class Star Destroyer (100),Electronic Countermeasures (7),22
Venator II-class Star Destroyer (100),Clone Captain Zak (5),13
Venator II-class Star Destroyer (100),Assault Proton Torpedoes (4),13
Venator II-class Star Destroyer (100),Chart Officer (2),1
Venator II-class Star Destroyer (100),Ordnance Pods (3),67
Venator II-class Star Destroyer (100),Wing Commander (6),4
Venator II-class Star Destroyer (100),Quad Battery Turrets (5),2
Venator II-class Star Destroyer (100),Ahsoka Tano (6),8
Venator II-class Star Destroyer (100),Intel Officer (7),7
Venator II-class Star Destroyer (100),Advanced Transponder Net (5),5
Venator II-class Star Destroyer (100),Early Warning System (7),2
Venator II-class Star Destroyer (100),Anakin Skywalker - BTL-B Y-wing Squadron (18),23
Venator II-class Star Destroyer (100),Weapons Liaison (3),2
Venator II-class Star Destroyer (100),Reinforced Blast Doors (5),1
Venator II-class Star Destroyer (100),Barriss Offee (6),2
Venator II-class Star Destroyer (100),Expanded Hangar Bay (5),8
Venator II-class Star Destroyer (100),Reactive Gunnery (4),2
Venator II-class Star Destroyer (100),Defense Liaison (3),1
Venator II-class Star Destroyer (100),Advanced Projectors (6),1
Venator II-class Star Destroyer (100),H9 Turbolasers (8),2
Venator II-class Star Destroyer (100),Reserve Hangar Deck (4),1
Venator II-class Star Destroyer (100),Emperor Palpatine (3),1
Venator II-class Star Destroyer (100),Clone Commander Wolffe (6),1
Pelta-class Medical Frigate (49),TB-73 (5),7
Pelta-class Medical Frigate (49),Flight Commander (3),4
Pelta-class Medical Frigate (49),Projection Experts (6),24
Pelta-class Medical Frigate (49),Bomber Command Center (8),34
Pelta-class Medical Frigate (49),Clone Navigation Officer (4),41
Pelta-class Medical Frigate (49),Fighter Coordination Team (3),44
Pelta-class Medical Frigate (49),Boosted Comms (4),30
Pelta-class Medical Frigate (49),Expanded Hangar Bay (5),17
Pelta-class Medical Frigate (49),Engine Techs (8),2
Pelta-class Medical Frigate (49),Reserve Hangar Deck (4),2
Pelta-class Medical Frigate (49),Comms Net (2),3
Pelta-class Medical Frigate (49),Munitions Resupply (3),8
Pelta-class Medical Frigate (49),Skilled First Officer (1),7
Pelta-class Medical Frigate (49),Parts Resupply (3),24
Pelta-class Medical Frigate (49),Auxiliary Shields Team (3),6
Pelta-class Medical Frigate (49),Hyperspace Rings (3),2
Pelta-class Medical Frigate (49),Hondo Ohnaka (2),3
Pelta-class Medical Frigate (49),Medical Team (1),1
Pelta-class Medical Frigate (49),Anakin Skywalker - BTL-B Y-wing Squadron (18),2
Pelta-class Medical Frigate (49),Proximity Mines (4),8
Pelta-class Medical Frigate (49),Expert Shield Tech (5),4
Pelta-class Medical Frigate (49),Disposable Capacitors (3),4
Pelta-class Medical Frigate (49),Ahsoka Tano (6),1
Pelta-class Medical Frigate (49),FB-88 (4),3
Pelta-class Medical Frigate (49),Repair Crews (3),1
Consular-class Armed Cruiser (37),Radiant VII (1),82
Consular-class Armed Cruiser (37),Comms Net (2),40
Consular-class Armed Cruiser (37),Swift Return (3),8
Consular-class Armed Cruiser (37),Fighter Coordination Team (3),6
Consular-class Armed Cruiser (37),Clone Navigation Officer (4),17
Consular-class Armed Cruiser (37),Bomber Command Center (8),13
Consular-class Armed Cruiser (37),Hondo Ohnaka (2),37
Consular-class Armed Cruiser (37),Projection Experts (6),19
Consular-class Armed Cruiser (37),Redundant Shields (8),5
Consular-class Armed Cruiser (37),Parts Resupply (3),11
Consular-class Armed Cruiser (37),Anakin Skywalker - BTL-B Y-wing Squadron (18),11
Consular-class Armed Cruiser (37),External Racks (4),29
Consular-class Armed Cruiser (37),Electronic Countermeasures (7),1
Consular-class Armed Cruiser (37),Munitions Resupply (3),16
Consular-class Armed Cruiser (37),Cluster Bombs (5),2
Consular-class Armed Cruiser (37),Clone Captain Silver (4),7
Consular-class Armed Cruiser (37),Advanced Projectors (6),1
Consular-class Armed Cruiser (37),Reinforced Blast Doors (5),4
Consular-class Armed Cruiser (37),Repair Crews (3),1
Consular-class Armed Cruiser (37),Reactive Gunnery (4),1
Consular-class Armed Cruiser (37),Engine Techs (8),1
Consular-class Armed Cruiser (37),Medical Team (1),1
Consular-class Armed Cruiser (37),Slicer Tools (7),1
Consular-class Armed Cruiser (37),Chart Officer (2),1
Gladiator I-class Star Destroyer (56),Demolisher (10),119
Gladiator I-class Star Destroyer (56),Minister Tua (2),11
Gladiator I-class Star Destroyer (56),Ordnance Experts (4),125
Gladiator I-class Star Destroyer (56),Electronic Countermeasures (7),11
Gladiator I-class Star Destroyer (56),External Racks (4),79
Gladiator I-class Star Destroyer (56),Skilled First Officer (1),35
Gladiator I-class Star Destroyer (56),Seventh Fleet Star Destroyer (5),11
Gladiator I-class Star Destroyer (56),Projection Experts (6),12
Gladiator I-class Star Destroyer (56),Commander Beck (3),4
Gladiator I-class Star Destroyer (56),Engine Techs (8),47
Gladiator I-class Star Destroyer (56),Assault Proton Torpedoes (4),42
Gladiator I-class Star Destroyer (56),Admiral Montferrat (5),18
Gladiator I-class Star Destroyer (56),Rapid Reload (4),3
Gladiator I-class Star Destroyer (56),Admiral Ozzel (2),3
Gladiator I-class Star Destroyer (56),Assault Concussion Missiles (5),10
Gladiator I-class Star Destroyer (56),Emperor Palpatine (3),13
Gladiator I-class Star Destroyer (56),Medical Team (1),7
Gladiator I-class Star Destroyer (56),Iden Versio (6),9
Gladiator I-class Star Destroyer (56),Expert Shield Tech (5),1
Gladiator I-class Star Destroyer (56),Insidious (3),10
Gladiator I-class Star Destroyer (56),Hondo Ohnaka (2),7
Gladiator I-class Star Destroyer (56),Fighter Coordination Team (3),12
Gladiator I-class Star Destroyer (56),Intel Officer (7),5
Gladiator I-class Star Destroyer (56),Auxiliary Shields Team (3),10
Gladiator I-class Star Destroyer (56),Admiral Titus (2),2
Gladiator I-class Star Destroyer (56),Admiral Ozzel (20),4
Gladiator I-class Star Destroyer (56),Ruthless Strategists (4),5
Gladiator I-class Star Destroyer (56),Commander Woldar (4),4
Gladiator I-class Star Destroyer (56),Captain Brunson (9),2
Gladiator I-class Star Destroyer (56),Darth Vader (4),3
Gladiator I-class Star Destroyer (56),Taskmaster Grint (5),1
Gladiator I-class Star Destroyer (56),Wullf Yularen (7),1
Gladiator I-class Star Destroyer (56),Fire-Control Team (2),1
Gladiator I-class Star Destroyer (56),Reeva Demesne (4),1
Gladiator I-class Star Destroyer (56),Expanded Launchers (8),1
Gladiator I-class Star Destroyer (56),Governor Pryce (6),2
Gladiator I-class Star Destroyer (56),Veteran Gunners (5),2
Gladiator I-class Star Destroyer (56),Agent Kallus (3),1
Acclamator II-class Assault Ship (71),Implacable (4),23
Acclamator II-class Assault Ship (71),Clone Navigation Officer (4),12
Acclamator II-class Assault Ship (71),Clone Gunners (4),12
Acclamator II-class Assault Ship (71),Thermal Shields (5),46
Acclamator II-class Assault Ship (71),External Racks (4),17
Acclamator II-class Assault Ship (71),Linked Turbolaser Towers (7),17
Acclamator II-class Assault Ship (71),Veteran Captain (2),1
Acclamator II-class Assault Ship (71),Assault Proton Torpedoes (4),18
Acclamator II-class Assault Ship (71),Swivel-Mount Batteries (8),23
Acclamator II-class Assault Ship (71),Ordnance Experts (4),17
Acclamator II-class Assault Ship (71),Anakin Skywalker - BTL-B Y-wing Squadron (18),3
Acclamator II-class Assault Ship (71),Gunnery Team (7),8
Acclamator II-class Assault Ship (71),Clone Captain Silver (4),4
Acclamator II-class Assault Ship (71),Flight Controllers (6),1
Acclamator II-class Assault Ship (71),Skilled First Officer (1),3
Acclamator II-class Assault Ship (71),Electronic Countermeasures (7),2
Acclamator II-class Assault Ship (71),Expert Shield Tech (5),2
Acclamator II-class Assault Ship (71),Ordnance Pods (3),7
Acclamator II-class Assault Ship (71),Intel Officer (7),8
Acclamator II-class Assault Ship (71),Expanded Launchers (8),2
Acclamator II-class Assault Ship (71),Hondo Ohnaka (2),2
Acclamator II-class Assault Ship (71),Local Fire Control (4),1
Acclamator II-class Assault Ship (71),Engineering Captain (6),1
Acclamator II-class Assault Ship (71),Ruthless Strategists (4),1
Acclamator II-class Assault Ship (71),Redundant Shields (8),1
Acclamator II-class Assault Ship (71),Adi Gallia (3),2
Acclamator II-class Assault Ship (71),Reactive Gunnery (4),1
Acclamator II-class Assault Ship (71),DBY-827 Heavy Turbolasers (3),2
Acclamator II-class Assault Ship (71),Quad Battery Turrets (5),1
Acclamator II-class Assault Ship (71),Nevoota Bee (5),1
Acclamator II-class Assault Ship (71),Barriss Offee (6),1
Acclamator II-class Assault Ship (71),Heavy Turbolaser Turrets (4),1
Raider I-class Corvette (44),Corvus (2),73
Raider I-class Corvette (44),Hondo Ohnaka (2),13
Raider I-class Corvette (44),Darth Vader (3),13
Raider I-class Corvette (44),Admiral Ozzel (20),6
Raider I-class Corvette (44),Reserve Hangar Deck (4),10
Raider I-class Corvette (44),Emperor Palpatine (3),2
Raider I-class Corvette (44),Ordnance Experts (4),53
Raider I-class Corvette (44),Assault Proton Torpedoes (4),4
Raider I-class Corvette (44),Iden Versio (6),25
Raider I-class Corvette (44),Flechette Torpedoes (3),19
Raider I-class Corvette (44),Instigator (4),17
Raider I-class Corvette (44),External Racks (4),51
Raider I-class Corvette (44),Governor Pryce (6),2
Raider I-class Corvette (44),Disposable Capacitors (3),3
Raider I-class Corvette (44),Skilled First Officer (1),5
Raider I-class Corvette (44),Admiral Titus (2),3
Raider I-class Corvette (44),Darth Vader (4),6
Raider I-class Corvette (44),Agent Kallus (3),6
Raider I-class Corvette (44),Quad Laser Turrets (5),10
Raider I-class Corvette (44),Impetuous (4),5
Raider I-class Corvette (44),Veteran Gunners (5),1
Raider I-class Corvette (44),Chart Officer (2),2
Raider I-class Corvette (44),Boosted Comms (4),1
Raider I-class Corvette (44),Commander Woldar (4),1
Raider I-class Corvette (44),Intel Officer (7),4
Raider I-class Corvette (44),Boarding Engineers (2),1
Raider I-class Corvette (44),Expanded Launchers (8),3
Raider I-class Corvette (44),Assault Concussion Missiles (5),1
Raider I-class Corvette (44),Ruthless Strategists (4),1
Raider I-class Corvette (44),Admiral Ozzel (2),1
Raider I-class Corvette (44),Phylon Q7 Tractor Beams (6),1
Arquitens-class Command Cruiser (55),Centicore (3),13
Arquitens-class Command Cruiser (55),Captain Needa (2),12
Arquitens-class Command Cruiser (55),Engine Techs (8),20
Arquitens-class Command Cruiser (55),Hand of Justice (2),5
Arquitens-class Command Cruiser (55),Turbolaser Reroute Circuits (7),4
Arquitens-class Command Cruiser (55),Nav Team (4),2
Arquitens-class Command Cruiser (55),Advanced Projectors (6),7
Arquitens-class Command Cruiser (55),Dual Turbolaser Turrets (4),2
Arquitens-class Command Cruiser (55),Commander Woldar (4),3
Arquitens-class Command Cruiser (55),Fighter Coordination Team (3),3
Arquitens-class Command Cruiser (55),Quad Battery Turrets (5),3
Arquitens-class Command Cruiser (55),Reinforced Blast Doors (5),8
Arquitens-class Command Cruiser (55),Linked Turbolaser Towers (7),11
Arquitens-class Command Cruiser (55),Commander Beck (3),6
Arquitens-class Command Cruiser (55),Enhanced Armament (10),4
Arquitens-class Command Cruiser (55),Skilled First Officer (1),1
Arquitens-class Command Cruiser (55),Auxiliary Shields Team (3),2
Arquitens-class Command Cruiser (55),Admiral Titus (2),1
Arquitens-class Command Cruiser (55),Projection Experts (6),2
Arquitens-class Command Cruiser (55),Redundant Shields (8),2
Arquitens-class Command Cruiser (55),Admiral Ozzel (20),1
Arquitens-class Command Cruiser (55),Director Krennic (8),3
Arquitens-class Command Cruiser (55),Slaved Turrets (6),1
Arquitens-class Command Cruiser (55),Governor Pryce (6),1
Arquitens-class Command Cruiser (55),Engineering Team (3),1
Arquitens-class Command Cruiser (55),Early Warning System (7),1
Arquitens-class Command Cruiser (55),Medical Team (1),1
Arquitens-class Command Cruiser (55),Hondo Ohnaka (2),1
Arquitens-class Command Cruiser (55),Reactive Gunnery (4),1
Recusant-class Support Destroyer (90),Patriot Fist (6),47
Recusant-class Support Destroyer (90),Tikkes (2),32
Recusant-class Support Destroyer (90),Flight Controllers (6),52
Recusant-class Support Destroyer (90),Boosted Comms (4),52
Recusant-class Support Destroyer (90),Expanded Hangar Bay (5),27
Recusant-class Support Destroyer (90),XX-9 Turbolasers (2),2
Recusant-class Support Destroyer (90),Rune Haako (4),22
Recusant-class Support Destroyer (90),Reserve Hangar Deck (4),36
Recusant-class Support Destroyer (90),Dual Turbolaser Turrets (4),2
Recusant-class Support Destroyer (90),Linked Turbolaser Towers (7),59
Recusant-class Support Destroyer (90),Nova Defiant (4),8
Recusant-class Support Destroyer (90),T-series Tactical Droid (4),7
Recusant-class Support Destroyer (90),Gunnery Team (7),5
Recusant-class Support Destroyer (90),Wat Tambor (9),3
Recusant-class Support Destroyer (90),Ordnance Experts (4),2
Recusant-class Support Destroyer (90),Flag Bridge (0),5
Recusant-class Support Destroyer (90),B2 Rocket Troopers (7),9
Recusant-class Support Destroyer (90),Jedi Hostage (3),5
Recusant-class Support Destroyer (90),XI7 Turbolasers (6),4
Recusant-class Support Destroyer (90),Shu Mai (4),5
Recusant-class Support Destroyer (90),Sensor Team (5),4
Recusant-class Support Destroyer (90),Swivel-Mount Batteries (8),3
Recusant-class Support Destroyer (90),Intel Officer (7),1
Recusant-class Support Destroyer (90),Boarding Troopers (3),5
Recusant-class Support Destroyer (90),Phylon Q7 Tractor Beams (6),3
Recusant-class Support Destroyer (90),Veteran Gunners (5),3
Recusant-class Support Destroyer (90),Turbolaser Reroute Circuits (7),2
Recusant-class Support Destroyer (90),Gilded Aegis (5),2
Recusant-class Support Destroyer (90),Ruthless Strategists (4),1
Recusant-class Support Destroyer (90),Skilled First Officer (1),1
Recusant-class Support Destroyer (90),Weapons Battery Techs (4),1
Recusant-class Support Destroyer (90),Chart Officer (2),2
Recusant-class Support Destroyer (90),Quad Laser Turrets (5),1
Hardcell-class Transport (47),Foreman's Labor (5),13
Hardcell-class Transport (47),San Hill (3),8
Hardcell-class Transport (47),Veteran Captain (2),3
Hardcell-class Transport (47),Medical Team (1),3
Hardcell-class Transport (47),Bomber Command Center (8),42
Hardcell-class Transport (47),Beast of Burden (6),35
Hardcell-class Transport (47),Parts Resupply (3),39
Hardcell-class Transport (47),Hondo Ohnaka (2),37
Hardcell-class Transport (47),Projection Experts (6),42
Hardcell-class Transport (47),Rune Haako (4),6
Hardcell-class Transport (47),TI-99 (4),7
Hardcell-class Transport (47),Slicer Tools (7),14
Hardcell-class Transport (47),Tikkes (2),34
Hardcell-class Transport (47),Engine Techs (8),1
Hardcell-class Transport (47),Comms Net (2),17
Hardcell-class Transport (47),Auxiliary Shields Team (3),6
Hardcell-class Transport (47),Munitions Resupply (3),13
Hardcell-class Transport (47),Asajj Ventress (2),1
Hardcell-class Transport (47),Wat Tambor (9),3
Hardcell-class Transport (47),Flight Commander (3),1
Hardcell-class Transport (47),Passel Argente (6),1
Hardcell-class Transport (47),Engineering Team (3),2
Hardcell-class Transport (47),Fighter Coordination Team (3),1
Hardcell-class Transport (47),Expert Shield Tech (5),1
Hardcell-class Battle Refit (50),Reserve Hangar Deck (4),42
Hardcell-class Battle Refit (50),Dual Turbolaser Turrets (4),12
Hardcell-class Battle Refit (50),B2 Rocket Troopers (7),60
Hardcell-class Battle Refit (50),Turbolaser Reroute Circuits (7),12
Hardcell-class Battle Refit (50),Tikkes (2),4
Hardcell-class Battle Refit (50),TI-99 (4),2
Hardcell-class Battle Refit (50),Reinforced Blast Doors (5),5
Hardcell-class Battle Refit (50),Hondo Ohnaka (2),4
Hardcell-class Battle Refit (50),Intel Officer (7),6
Hardcell-class Battle Refit (50),Early Warning System (7),3
Hardcell-class Battle Refit (50),Slaved Turrets (6),6
Hardcell-class Battle Refit (50),Quad Turbolaser Cannons (10),2
Hardcell-class Battle Refit (50),Quad Battery Turrets (5),4
Hardcell-class Battle Refit (50),Linked Turbolaser Towers (7),47
Hardcell-class Battle Refit (50),Foreman's Labor (5),4
Hardcell-class Battle Refit (50),Shu Mai (4),2
Hardcell-class Battle Refit (50),Beast of Burden (6),2
Hardcell-class Battle Refit (50),Cluster Bombs (5),12
Hardcell-class Battle Refit (50),T-series Tactical Droid (4),1
Hardcell-class Battle Refit (50),Electronic Countermeasures (7),3
Hardcell-class Battle Refit (50),Heavy Turbolaser Turrets (4),2
Hardcell-class Battle Refit (50),XI7 Turbolasers (6),2
Hardcell-class Battle Refit (50),Veteran Captain (2),1
MC80 Battle Cruiser (103),Mon Karren (6),20
MC80 Battle Cruiser (103),Major Derlin (7),2
MC80 Battle Cruiser (103),Caitken and Shollan (6),17
MC80 Battle Cruiser (103),Auxiliary Shields Team (3),9
MC80 Battle Cruiser (103),Point Defense Ion Cannons (6),19
MC80 Battle Cruiser (103),Spinal Armament (9),20
MC80 Battle Cruiser (103),Turbolaser Reroute Circuits (7),2
MC80 Battle Cruiser (103),Endeavor (4),1
MC80 Battle Cruiser (103),Skilled First Officer (1),5
MC80 Battle Cruiser (103),Gunnery Team (7),11
MC80 Battle Cruiser (103),Engine Techs (8),9
MC80 Battle Cruiser (103),XI7 Turbolasers (6),14
MC80 Battle Cruiser (103),Mon Calamari Exodus Fleet (5),3
MC80 Battle Cruiser (103),Projection Experts (6),1
MC80 Battle Cruiser (103),Leading Shots (5),4
MC80 Battle Cruiser (103),Lando Calrissian (4),1
MC80 Battle Cruiser (103),Raymus Antilles (7),8
MC80 Battle Cruiser (103),Nav Team (4),3
MC80 Battle Cruiser (103),Intel Officer (7),6
MC80 Battle Cruiser (103),Linked Turbolaser Towers (7),7
MC80 Battle Cruiser (103),Medical Team (1),2
MC80 Battle Cruiser (103),XX-9 Turbolasers (2),5
MC80 Battle Cruiser (103),Quad Battery Turrets (5),3
MC80 Battle Cruiser (103),General Dodonna (20),2
MC80 Battle Cruiser (103),Sensor Team (5),1
MC80 Battle Cruiser (103),Overload Pulse (6),1
MC80 Battle Cruiser (103),Engineering Team (3),1
MC80 Battle Cruiser (103),Slaved Turrets (6),1
MC80 Battle Cruiser (103),Ahsoka Tano (2),1
MC80 Battle Cruiser (103),Walex Blissex (5),3
MC80 Battle Cruiser (103),Tactical Expert (6),1
MC80 Battle Cruiser (103),NK-7 Ion Cannons (6),1
MC80 Battle Cruiser (103),Flight Controllers (6),2
MC80 Battle Cruiser (103),Toryn Farr (7),1
MC80 Battle Cruiser (103),SW-7 Ion Batteries (5),1
MC80 Battle Cruiser (103),Chart Officer (2),1
MC80 Battle Cruiser (103),Local Fire Control (4),1
MC80 Battle Cruiser (103),Expert Shield Tech (5),1
Pelta-class Transport Frigate (45),Fighter Coordination Team (3),15
Pelta-class Transport Frigate (45),Electronic Countermeasures (7),16
Pelta-class Transport Frigate (45),Parts Resupply (3),69
Pelta-class Transport Frigate (45),Hondo Ohnaka (2),23
Pelta-class Transport Frigate (45),Bomber Command Center (8),26
Pelta-class Transport Frigate (45),Skilled First Officer (1),8
Pelta-class Transport Frigate (45),Projection Experts (6),127
Pelta-class Transport Frigate (45),Munitions Resupply (3),39
Pelta-class Transport Frigate (45),Clone Navigation Officer (4),15
Pelta-class Transport Frigate (45),Expert Shield Tech (5),14
Pelta-class Transport Frigate (45),Comms Net (2),12
Pelta-class Transport Frigate (45),TB-73 (5),32
Pelta-class Transport Frigate (45),Anakin Skywalker - BTL-B Y-wing Squadron (18),5
Pelta-class Transport Frigate (45),Cluster Bombs (5),1
Pelta-class Transport Frigate (45),Reactive Gunnery (4),17
Pelta-class Transport Frigate (45),Reinforced Blast Doors (5),3
Pelta-class Transport Frigate (45),Adi Gallia (3),8
Pelta-class Transport Frigate (45),FB-88 (4),9
Pelta-class Transport Frigate (45),Defense Liaison (3),1
Pelta-class Transport Frigate (45),Auxiliary Shields Team (3),15
Pelta-class Transport Frigate (45),Slicer Tools (7),3
Pelta-class Transport Frigate (45),Redundant Shields (8),2
Pelta-class Transport Frigate (45),Jamming Field (2),3
Pelta-class Transport Frigate (45),Clone Captain Zak (5),1
MC30c Torpedo Frigate (63),Admonition (10),43
MC30c Torpedo Frigate (63),Expert Shield Tech (5),60
MC30c Torpedo Frigate (63),Ordnance Experts (4),177
MC30c Torpedo Frigate (63),Advanced Projectors (6),38
MC30c Torpedo Frigate (63),External Racks (4),145
MC30c Torpedo Frigate (63),H9 Turbolasers (8),112
MC30c Torpedo Frigate (63),Foresight (10),97
MC30c Torpedo Frigate (63),Lando Calrissian (4),23
MC30c Torpedo Frigate (63),XI7 Turbolasers (6),25
MC30c Torpedo Frigate (63),Reinforced Blast Doors (5),7
MC30c Torpedo Frigate (63),Walex Blissex (5),10
MC30c Torpedo Frigate (63),Caitken and Shollan (6),2
MC30c Torpedo Frigate (63),Kyrsta Agate (5),1
MC30c Torpedo Frigate (63),Expanded Launchers (8),5
MC30c Torpedo Frigate (63),Heavy Turbolaser Turrets (4),4
MC30c Torpedo Frigate (63),Electronic Countermeasures (7),40
MC30c Torpedo Frigate (63),Major Derlin (7),11
MC30c Torpedo Frigate (63),Intel Officer (7),8
MC30c Torpedo Frigate (63),General Dodonna (20),1
MC30c Torpedo Frigate (63),Assault Proton Torpedoes (4),23
MC30c Torpedo Frigate (63),Skilled First Officer (1),12
MC30c Torpedo Frigate (63),Turbolaser Reroute Circuits (7),1
MC30c Torpedo Frigate (63),Reactive Gunnery (4),1
MC30c Torpedo Frigate (63),Ezra Bridger (3),4
MC30c Torpedo Frigate (63),GR-75 Medium Transports (18),2
MC30c Torpedo Frigate (63),Early Warning System (7),5
MC30c Torpedo Frigate (63),XX-9 Turbolasers (2),1
MC30c Torpedo Frigate (63),Enhanced Armament (10),2
MC30c Torpedo Frigate (63),Gunnery Team (7),1
MC30c Torpedo Frigate (63),Hondo Ohnaka (2),2
MC30c Torpedo Frigate (63),Rapid Reload (4),2
MC30c Torpedo Frigate (63),Cluster Bombs (5),4
MC30c Torpedo Frigate (63),Linked Turbolaser Towers (7),3
MC30c Torpedo Frigate (63),Assault Concussion Missiles (5),2
MC30c Torpedo Frigate (63),Wide-Area Barrage (2),1
MC30c Torpedo Frigate (63),Ahsoka Tano (2),1
MC30c Torpedo Frigate (63),Toryn Farr (7),2
Nebulon-B Support Refit (51),Redemption (5),8
Nebulon-B Support Refit (51),Ahsoka Tano (2),3
Nebulon-B Support Refit (51),Projection Experts (6),5
Nebulon-B Support Refit (51),Toryn Farr (7),1
Nebulon-B Support Refit (51),Auxiliary Shields Team (3),24
Nebulon-B Support Refit (51),Enhanced Armament (10),7
Nebulon-B Support Refit (51),Salvation (7),11
Nebulon-B Support Refit (51),Turbolaser Reroute Circuits (7),3
Nebulon-B Support Refit (51),Skilled First Officer (1),11
Nebulon-B Support Refit (51),Quad Battery Turrets (5),6
Nebulon-B Support Refit (51),Lando Calrissian (4),2
Nebulon-B Support Refit (51),Spinal Armament (9),6
Nebulon-B Support Refit (51),Vanguard (4),4
Nebulon-B Support Refit (51),Gunnery Team (7),1
Nebulon-B Support Refit (51),Kyrsta Agate (5),1
Nebulon-B Support Refit (51),Yavaris (5),1
Nebulon-B Support Refit (51),Flight Commander (3),1
Nebulon-B Support Refit (51),Ezra Bridger (3),2
Nebulon-B Support Refit (51),Sabine Wren (4),1
Nebulon-B Support Refit (51),Slaved Turrets (6),1
Nebulon-B Support Refit (51),Dual Turbolaser Turrets (4),1
Nebulon-B Support Refit (51),Caitken and Shollan (6),1
Nebulon-B Support Refit (51),Walex Blissex (5),1
Nebulon-B Support Refit (51),Linked Turbolaser Towers (7),1
Nebulon-B Support Refit (51),Ordnance Experts (4),1
Nebulon-B Support Refit (51),Wedge Antilles (4),1
Interdictor Suppression Refit (90),Admiral Ozzel (20),5
Interdictor Suppression Refit (90),Captain Brunson (9),14
Interdictor Suppression Refit (90),Fighter Coordination Team (3),2
Interdictor Suppression Refit (90),Proximity Mines (4),23
Interdictor Suppression Refit (90),Point Defense Ion Cannons (6),41
Interdictor Suppression Refit (90),Grav Shift Reroute (2),66
Interdictor Suppression Refit (90),Targeting Scrambler (5),51
Interdictor Suppression Refit (90),Captain Needa (2),33
Interdictor Suppression Refit (90),G7-X Grav Well Projector (2),48
Interdictor Suppression Refit (90),Projection Experts (6),50
Interdictor Suppression Refit (90),Disposable Capacitors (3),52
Interdictor Suppression Refit (90),Heavy Ion Emplacements (9),9
Interdictor Suppression Refit (90),Taskmaster Grint (5),11
Interdictor Suppression Refit (90),Auxiliary Shields Team (3),23
Interdictor Suppression Refit (90),SW-7 Ion Batteries (5),5
Interdictor Suppression Refit (90),Emperor Palpatine (3),3
Interdictor Suppression Refit (90),NK-7 Ion Cannons (6),3
Interdictor Suppression Refit (90),G-8 Experimental Projector (8),15
Interdictor Suppression Refit (90),Flag Bridge (0),2
Interdictor Suppression Refit (90),Take Evasive Action! (6),2
Interdictor Suppression Refit (90),Engine Techs (8),2
Interdictor Suppression Refit (90),Phylon Q7 Tractor Beams (6),2
Interdictor Suppression Refit (90),Darth Vader (4),2
Interdictor Suppression Refit (90),Minister Tua (2),3
Interdictor Suppression Refit (90),Reactive Gunnery (4),2
Interdictor Suppression Refit (90),High-Capacity Ion Turbines (6),1
Interdictor Suppression Refit (90),Admiral Titus (2),4
Interdictor Suppression Refit (90),Flak Guns (3),1
Interdictor Suppression Refit (90),Overload Pulse (6),5
Interdictor Suppression Refit (90),Ion Cannon Batteries (5),2
Interdictor Suppression Refit (90),Governor Pryce (6),3
Interdictor Suppression Refit (90),Hondo Ohnaka (2),1
Interdictor Suppression Refit (90),Reeva Demesne (4),1
Interdictor Suppression Refit (90),Electronic Countermeasures (7),1
Interdictor Suppression Refit (90),Skilled First Officer (1),2
Interdictor Suppression Refit (90),Engineering Team (3),2
Providence-class Dreadnought (97),Invincible (5),21
Providence-class Dreadnought (97),Rune Haako (4),11
Providence-class Dreadnought (97),Flight Controllers (6),11
Providence-class Dreadnought (97),Hardened Bulkheads (5),1
Providence-class Dreadnought (97),Thermal Shields (5),20
Providence-class Dreadnought (97),External Racks (4),12
Providence-class Dreadnought (97),Leading Shots (5),4
Providence-class Dreadnought (97),XI7 Turbolasers (6),9
Providence-class Dreadnought (97),XX-9 Turbolasers (2),2
Providence-class Dreadnought (97),Boarding Troopers (3),5
Providence-class Dreadnought (97),Point Defense Ion Cannons (6),17
Providence-class Dreadnought (97),Linked Turbolaser Towers (7),17
Providence-class Dreadnought (97),Ruthless Strategists (4),1
Providence-class Dreadnought (97),Boosted Comms (4),5
Providence-class Dreadnought (97),H9 Turbolasers (8),3
Providence-class Dreadnought (97),Wat Tambor (9),6
Providence-class Dreadnought (97),Local Fire Control (4),2
Providence-class Dreadnought (97),Flak Guns (3),4
Providence-class Dreadnought (97),Ordnance Pods (3),4
Providence-class Dreadnought (97),DBY-827 Heavy Turbolasers (3),5
Providence-class Dreadnought (97),Ordnance Experts (4),5
Providence-class Dreadnought (97),B2 Rocket Troopers (7),3
Providence-class Dreadnought (97),Assault Proton Torpedoes (4),4
Providence-class Dreadnought (97),Heavy Fire Zone (2),1
Providence-class Dreadnought (97),Phylon Q7 Tractor Beams (6),2
Providence-class Dreadnought (97),Quad Battery Turrets (5),3
Providence-class Dreadnought (97),Expanded Hangar Bay (5),3
Providence-class Dreadnought (97),Veteran Gunners (5),1
Providence-class Dreadnought (97),Enhanced Armament (10),1
Providence-class Dreadnought (97),Tikkes (2),4
Providence-class Dreadnought (97),Hondo Ohnaka (2),1
Providence-class Dreadnought (97),Lucid Voice (6),1
Providence-class Dreadnought (97),Shu Mai (4),2
Providence-class Dreadnought (97),Electronic Countermeasures (7),1
Providence-class Dreadnought (97),Quad Turbolaser Cannons (10),1
Providence-class Dreadnought (97),Invisible Hand (8),1
Providence-class Dreadnought (97),TI-99 (4),1
Providence-class Dreadnought (97),Heavy Turbolaser Turrets (4),1
Providence-class Carrier {REB} (95),Raymus Antilles (7),19
Providence-class Carrier {REB} (95),Walex Blissex (5),12
Providence-class Carrier {REB} (95),Ordnance Experts (4),20
Providence-class Carrier {REB} (95),Boarding Troopers (3),11
Providence-class Carrier {REB} (95),Auxiliary Shields Team (3),16
Providence-class Carrier {REB} (95),Engine Techs (8),25
Providence-class Carrier {REB} (95),Flak Guns (3),6
Providence-class Carrier {REB} (95),Toryn Farr (7),9
Providence-class Carrier {REB} (95),Veteran Gunners (5),6
Providence-class Carrier {REB} (95),Ezra Bridger (3),3
Providence-class Carrier {REB} (95),Flight Commander (3),8
Providence-class Carrier {REB} (95),Flight Controllers (6),18
Providence-class Carrier {REB} (95),Fighter Coordination Team (3),16
Providence-class Carrier {REB} (95),Expanded Hangar Bay (5),19
Providence-class Carrier {REB} (95),Rapid Launch Bays (6),3
Providence-class Carrier {REB} (95),General Draven (20),5
Providence-class Carrier {REB} (95),Adar Tallon (10),8
Providence-class Carrier {REB} (95),Boarding Engineers (2),4
Providence-class Carrier {REB} (95),Ahsoka Tano (2),2
Providence-class Carrier {REB} (95),Nav Team (4),3
Providence-class Carrier {REB} (95),Hondo Ohnaka (2),3
Providence-class Carrier {REB} (95),Jyn Erso (4),2
Providence-class Carrier {REB} (95),Proximity Mines (4),3
Providence-class Carrier {REB} (95),Expert Shield Tech (5),1
Providence-class Carrier {REB} (95),Engineering Team (3),5
Providence-class Carrier {REB} (95),Boosted Comms (4),6
Providence-class Carrier {REB} (95),Captain Rex (5),2
Providence-class Carrier {REB} (95),Major Derlin (7),4
Providence-class Carrier {REB} (95),Sensor Team (5),2
Providence-class Carrier {REB} (95),Quad Laser Turrets (5),4
Providence-class Carrier {REB} (95),General Dodonna (20),1
Providence-class Carrier {REB} (95),Lando Calrissian (4),1
Providence-class Carrier {REB} (95),Intel Officer (7),1
Providence-class Carrier {REB} (95),Fire-Control Team (2),1
Providence-class Carrier {REB} (95),Caitken and Shollan (6),1
Providence-class Carrier {REB} (95),Gunnery Team (7),1
Providence-class Carrier {REB} (95),Phylon Q7 Tractor Beams (6),1
Providence-class Carrier {REB} (95),Ruthless Strategists (4),1
Providence-class Carrier {REB} (95),Chart Officer (2),1
Providence-class Carrier {REB} (95),Medical Team (1),2
Providence-class Carrier {REB} (95),Veteran Captain (2),1
Providence-class Carrier {REB} (95),Flag Bridge (0),1
Providence-class Carrier {REB} (95),"All Fighters, Follow Me! (5)",1
Imperial Star Destroyer Cymoon 1 Refit (112),Sovereign (4),5
Imperial Star Destroyer Cymoon 1 Refit (112),Commander Beck (3),1
Imperial Star Destroyer Cymoon 1 Refit (112),Gunnery Team (7),45
Imperial Star Destroyer Cymoon 1 Refit (112),Dual Turbolaser Turrets (4),4
Imperial Star Destroyer Cymoon 1 Refit (112),XX-9 Turbolasers (2),11
Imperial Star Destroyer Cymoon 1 Refit (112),Intensify Firepower! (6),38
Imperial Star Destroyer Cymoon 1 Refit (112),Avenger (5),2
Imperial Star Destroyer Cymoon 1 Refit (112),Emperor Palpatine (3),10
Imperial Star Destroyer Cymoon 1 Refit (112),Spinal Armament (9),29
Imperial Star Destroyer Cymoon 1 Refit (112),XI7 Turbolasers (6),43
Imperial Star Destroyer Cymoon 1 Refit (112),Relentless (3),14
Imperial Star Destroyer Cymoon 1 Refit (112),Commander Vanto (7),6
Imperial Star Destroyer Cymoon 1 Refit (112),Governor Pryce (6),6
Imperial Star Destroyer Cymoon 1 Refit (112),Shields to Maximum! (6),5
Imperial Star Destroyer Cymoon 1 Refit (112),Wullf Yularen (7),7
Imperial Star Destroyer Cymoon 1 Refit (112),Local Fire Control (4),7
Imperial Star Destroyer Cymoon 1 Refit (112),Entrapment Formation! (5),2
Imperial Star Destroyer Cymoon 1 Refit (112),Take Evasive Action! (6),12
Imperial Star Destroyer Cymoon 1 Refit (112),Minister Tua (2),13
Imperial Star Destroyer Cymoon 1 Refit (112),Electronic Countermeasures (7),11
Imperial Star Destroyer Cymoon 1 Refit (112),Quad Battery Turrets (5),6
Imperial Star Destroyer Cymoon 1 Refit (112),Weapons Battery Techs (4),2
Imperial Star Destroyer Cymoon 1 Refit (112),Reserve Hangar Deck (4),10
Imperial Star Destroyer Cymoon 1 Refit (112),Taskmaster Grint (5),3
Imperial Star Destroyer Cymoon 1 Refit (112),Linked Turbolaser Towers (7),20
Imperial Star Destroyer Cymoon 1 Refit (112),H9 Turbolasers (8),7
Imperial Star Destroyer Cymoon 1 Refit (112),Seventh Fleet Star Destroyer (5),15
Imperial Star Destroyer Cymoon 1 Refit (112),Captain Needa (2),8
Imperial Star Destroyer Cymoon 1 Refit (112),Quad Laser Turrets (5),10
Imperial Star Destroyer Cymoon 1 Refit (112),Turbolaser Reroute Circuits (7),6
Imperial Star Destroyer Cymoon 1 Refit (112),Quad Turbolaser Cannons (10),6
Imperial Star Destroyer Cymoon 1 Refit (112),Intel Officer (7),2
Imperial Star Destroyer Cymoon 1 Refit (112),Boosted Comms (4),2
Imperial Star Destroyer Cymoon 1 Refit (112),Heavy Turbolaser Turrets (4),4
Imperial Star Destroyer Cymoon 1 Refit (112),Veteran Gunners (5),7
Imperial Star Destroyer Cymoon 1 Refit (112),Boarding Troopers (3),2
Imperial Star Destroyer Cymoon 1 Refit (112),Admiral Ozzel (20),4
Imperial Star Destroyer Cymoon 1 Refit (112),Commandant Aresko (7),1
Imperial Star Destroyer Cymoon 1 Refit (112),Sensor Team (5),5
Imperial Star Destroyer Cymoon 1 Refit (112),Director Krennic (8),10
Imperial Star Destroyer Cymoon 1 Refit (112),Flak Guns (3),4
Imperial Star Destroyer Cymoon 1 Refit (112),Advanced Projectors (6),1
Imperial Star Destroyer Cymoon 1 Refit (112),Proximity Mines (4),1
Imperial Star Destroyer Cymoon 1 Refit (112),Flight Controllers (6),1
Imperial Star Destroyer Cymoon 1 Refit (112),Early Warning System (7),1
Imperial Star Destroyer Cymoon 1 Refit (112),Darth Vader (4),1
Imperial Star Destroyer Cymoon 1 Refit (112),Hardened Bulkheads (5),3
Imperial Star Destroyer Cymoon 1 Refit (112),DBY-827 Heavy Turbolasers (3),1
Imperial Star Destroyer Cymoon 1 Refit (112),Expert Shield Tech (5),2
Imperial Star Destroyer Cymoon 1 Refit (112),Devastator (10),1
Imperial Star Destroyer Cymoon 1 Refit (112),Reeva Demesne (4),1
Imperial Star Destroyer Cymoon 1 Refit (112),Hondo Ohnaka (2),1
Star Dreadnought Assault Prototype (250),Ravager (4),43
Star Dreadnought Assault Prototype (250),Reeva Demesne (4),6
Star Dreadnought Assault Prototype (250),Intel Officer (7),11
Star Dreadnought Assault Prototype (250),Captain Needa (2),14
Star Dreadnought Assault Prototype (250),Gunnery Team (7),40
Star Dreadnought Assault Prototype (250),Rapid Launch Bays (6),1
Star Dreadnought Assault Prototype (250),Heavy Ion Emplacements (9),27
Star Dreadnought Assault Prototype (250),Turbolaser Reroute Circuits (7),4
Star Dreadnought Assault Prototype (250),Quad Turbolaser Cannons (10),16
Star Dreadnought Assault Prototype (250),Captain Brunson (9),9
Star Dreadnought Assault Prototype (250),Commander Vanto (7),6
Star Dreadnought Assault Prototype (250),Emperor Palpatine (3),25
Star Dreadnought Assault Prototype (250),Quad Laser Turrets (5),41
Star Dreadnought Assault Prototype (250),Point-Defense Reroute (5),26
Star Dreadnought Assault Prototype (250),High-Capacity Ion Turbines (6),4
Star Dreadnought Assault Prototype (250),Leading Shots (5),24
Star Dreadnought Assault Prototype (250),XI7 Turbolasers (6),14
Star Dreadnought Assault Prototype (250),XX-9 Turbolasers (2),4
Star Dreadnought Assault Prototype (250),Governor Pryce (6),33
Star Dreadnought Assault Prototype (250),SW-7 Ion Batteries (5),19
Star Dreadnought Assault Prototype (250),Local Fire Control (4),5
Star Dreadnought Assault Prototype (250),Flak Guns (3),7
Star Dreadnought Assault Prototype (250),MS-1 Ion Cannon (2),1
Star Dreadnought Assault Prototype (250),Quad Battery Turrets (5),17
Star Dreadnought Assault Prototype (250),Damage Control Officer (3),6
Star Dreadnought Assault Prototype (250),Agent Kallus (3),10
Star Dreadnought Assault Prototype (250),Reserve Hangar Deck (4),1
Star Dreadnought Assault Prototype (250),H9 Turbolasers (8),4
Star Dreadnought Assault Prototype (250),Linked Turbolaser Towers (7),33
Star Dreadnought Assault Prototype (250),Iden Versio (6),1
Star Dreadnought Assault Prototype (250),Spinal Armament (9),2
Star Dreadnought Assault Prototype (250),Director Krennic (8),11
Star Dreadnought Assault Prototype (250),Overload Pulse (6),9
Star Dreadnought Assault Prototype (250),Annihilator (8),1
Star Dreadnought Assault Prototype (250),Defense Liaison (3),2
Star Dreadnought Assault Prototype (250),Gunnery Chief Varnillian (6),2
Star Dreadnought Assault Prototype (250),Phylon Q7 Tractor Beams (6),2
Star Dreadnought Assault Prototype (250),Heavy Fire Zone (2),1
Star Dreadnought Assault Prototype (250),Expert Shield Tech (5),7
Star Dreadnought Assault Prototype (250),Dual Turbolaser Turrets (4),1
Star Dreadnought Assault Prototype (250),Admiral Ozzel (2),5
Star Dreadnought Assault Prototype (250),Proximity Mines (4),2
Star Dreadnought Assault Prototype (250),Eclipse (3),1
Star Dreadnought Assault Prototype (250),Ion Cannon Batteries (5),2
Star Dreadnought Assault Prototype (250),NK-7 Ion Cannons (6),1
Star Dreadnought Assault Prototype (250),match not found for rav`,1
Star Dreadnought Assault Prototype (250),Veteran Gunners (5),1
Star Dreadnought Assault Prototype (250),Admiral Titus (2),1
Star Dreadnought Assault Prototype (250),Boarding Troopers (3),1
Starhawk-class Battleship Mark I (140),Amity (6),22
Starhawk-class Battleship Mark I (140),Raymus Antilles (7),12
Starhawk-class Battleship Mark I (140),Walex Blissex (5),26
Starhawk-class Battleship Mark I (140),Caitken and Shollan (6),14
Starhawk-class Battleship Mark I (140),Point Defense Ion Cannons (6),31
Starhawk-class Battleship Mark I (140),Quad Battery Turrets (5),2
Starhawk-class Battleship Mark I (140),Support Officer (2),2
Starhawk-class Battleship Mark I (140),Sensor Team (5),3
Starhawk-class Battleship Mark I (140),Hardened Bulkheads (5),5
Starhawk-class Battleship Mark I (140),XI7 Turbolasers (6),8
Starhawk-class Battleship Mark I (140),Concord (12),14
Starhawk-class Battleship Mark I (140),Damage Control Officer (3),3
Starhawk-class Battleship Mark I (140),Boarding Troopers (3),3
Starhawk-class Battleship Mark I (140),DBY-827 Heavy Turbolasers (3),7
Starhawk-class Battleship Mark I (140),Magnite Crystal Tractor Beam Array (10),21
Starhawk-class Battleship Mark I (140),Flak Guns (3),8
Starhawk-class Battleship Mark I (140),Kyrsta Agate (5),3
Starhawk-class Battleship Mark I (140),Local Fire Control (4),5
Starhawk-class Battleship Mark I (140),Ezra Bridger (3),4
Starhawk-class Battleship Mark I (140),Linked Turbolaser Towers (7),19
Starhawk-class Battleship Mark I (140),Intel Officer (7),3
Starhawk-class Battleship Mark I (140),Lando Calrissian (4),7
Starhawk-class Battleship Mark I (140),Major Derlin (7),7
Starhawk-class Battleship Mark I (140),Weapons Battery Techs (4),2
Starhawk-class Battleship Mark I (140),Heavy Ion Emplacements (9),2
Starhawk-class Battleship Mark I (140),Boarding Engineers (2),2
Starhawk-class Battleship Mark I (140),General Dodonna (20),4
Starhawk-class Battleship Mark I (140),Phylon Q7 Tractor Beams (6),7
Starhawk-class Battleship Mark I (140),Expanded Hangar Bay (5),2
Starhawk-class Battleship Mark I (140),Leading Shots (5),5
Starhawk-class Battleship Mark I (140),Flight Controllers (6),3
Starhawk-class Battleship Mark I (140),Boosted Comms (4),2
Starhawk-class Battleship Mark I (140),Unity (10),6
Starhawk-class Battleship Mark I (140),Expert Shield Tech (5),8
Starhawk-class Battleship Mark I (140),Ordnance Experts (4),6
Starhawk-class Battleship Mark I (140),Quad Laser Turrets (5),5
Starhawk-class Battleship Mark I (140),Turbolaser Reroute Circuits (7),1
Starhawk-class Battleship Mark I (140),Heavy Turbolaser Turrets (4),1
Starhawk-class Battleship Mark I (140),Gunnery Team (7),1
Starhawk-class Battleship Mark I (140),Quad Turbolaser Cannons (10),1
Starhawk-class Battleship Mark I (140),Flag Bridge (0),1
Starhawk-class Battleship Mark I (140),Take Evasive Action! (6),1
Starhawk-class Battleship Mark I (140),Ahsoka Tano (2),1
Starhawk-class Battleship Mark I (140),Ion Cannon Batteries (5),1
Starhawk-class Battleship Mark I (140),Adar Tallon (10),2
Starhawk-class Battleship Mark I (140),Toryn Farr (7),2
Starhawk-class Battleship Mark I (140),Enhanced Armament (10),1
Starhawk-class Battleship Mark I (140),Captain Rex (5),1
Arquitens-class Light Cruiser (52),Centicore (3),15
Arquitens-class Light Cruiser (52),Captain Needa (2),54
Arquitens-class Light Cruiser (52),Turbolaser Reroute Circuits (7),53
Arquitens-class Light Cruiser (52),Enhanced Armament (10),12
Arquitens-class Light Cruiser (52),Slaved Turrets (6),25
Arquitens-class Light Cruiser (52),Hand of Justice (2),14
Arquitens-class Light Cruiser (52),Advanced Projectors (6),7
Arquitens-class Light Cruiser (52),Dual Turbolaser Turrets (4),15
Arquitens-class Light Cruiser (52),Commander Woldar (4),1
Arquitens-class Light Cruiser (52),Skilled First Officer (1),21
Arquitens-class Light Cruiser (52),Admiral Ozzel (20),4
Arquitens-class Light Cruiser (52),Director Krennic (8),8
Arquitens-class Light Cruiser (52),Reeva Demesne (4),1
Arquitens-class Light Cruiser (52),Expert Shield Tech (5),29
Arquitens-class Light Cruiser (52),Reactive Gunnery (4),3
Arquitens-class Light Cruiser (52),Hondo Ohnaka (2),6
Arquitens-class Light Cruiser (52),Linked Turbolaser Towers (7),34
Arquitens-class Light Cruiser (52),Reinforced Blast Doors (5),12
Arquitens-class Light Cruiser (52),Quad Battery Turrets (5),5
Arquitens-class Light Cruiser (52),Governor Pryce (6),1
Arquitens-class Light Cruiser (52),Admiral Titus (2),1
Arquitens-class Light Cruiser (52),Early Warning System (7),4
Arquitens-class Light Cruiser (52),Intel Officer (7),4
Arquitens-class Light Cruiser (52),Redundant Shields (8),2
Arquitens-class Light Cruiser (52),Admiral Montferrat (5),1
Nebulon-B Escort Frigate (57),Vanguard (4),3
Nebulon-B Escort Frigate (57),Hondo Ohnaka (2),2
Nebulon-B Escort Frigate (57),Auxiliary Shields Team (3),11
Nebulon-B Escort Frigate (57),Caitken and Shollan (6),1
Nebulon-B Escort Frigate (57),Heavy Fire Zone (2),5
Nebulon-B Escort Frigate (57),Yavaris (5),25
Nebulon-B Escort Frigate (57),Flight Commander (3),11
Nebulon-B Escort Frigate (57),Fighter Coordination Team (3),8
Nebulon-B Escort Frigate (57),Dual Turbolaser Turrets (4),3
Nebulon-B Escort Frigate (57),Raymus Antilles (7),2
Nebulon-B Escort Frigate (57),Linked Turbolaser Towers (7),8
Nebulon-B Escort Frigate (57),Redemption (5),2
Nebulon-B Escort Frigate (57),Leia Organa (3),3
Nebulon-B Escort Frigate (57),Projection Experts (6),2
Nebulon-B Escort Frigate (57),Turbolaser Reroute Circuits (7),2
Nebulon-B Escort Frigate (57),XX-9 Turbolasers (2),1
Nebulon-B Escort Frigate (57),Salvation (7),3
Nebulon-B Escort Frigate (57),Intel Officer (7),2
Nebulon-B Escort Frigate (57),Toryn Farr (7),1
Nebulon-B Escort Frigate (57),Veteran Captain (2),1
Nebulon-B Escort Frigate (57),Lando Calrissian (4),1
Nebulon-B Escort Frigate (57),XI7 Turbolasers (6),1
Nebulon-B Escort Frigate (57),General Draven (3),2
Nebulon-B Escort Frigate (57),General Draven (20),1
Nebulon-B Escort Frigate (57),Ruthless Strategists (4),2
Nebulon-B Escort Frigate (57),Spinal Armament (9),1
Nebulon-B Escort Frigate (57),Skilled First Officer (1),1
Nebulon-B Escort Frigate (57),Major Derlin (7),1
Modified Pelta-class Assault Ship (56),Ahsoka Tano (2),7
Modified Pelta-class Assault Ship (56),Projection Experts (6),15
Modified Pelta-class Assault Ship (56),Flechette Torpedoes (3),2
Modified Pelta-class Assault Ship (56),Intensify Firepower! (6),13
Modified Pelta-class Assault Ship (56),Phoenix Home (3),4
Modified Pelta-class Assault Ship (56),Raymus Antilles (7),8
Modified Pelta-class Assault Ship (56),External Racks (4),5
Modified Pelta-class Assault Ship (56),Skilled First Officer (1),1
Modified Pelta-class Assault Ship (56),Shields to Maximum! (6),8
Modified Pelta-class Assault Ship (56),Major Derlin (7),2
Modified Pelta-class Assault Ship (56),"All Fighters, Follow Me! (5)",1
Modified Pelta-class Assault Ship (56),Entrapment Formation! (5),1
Modified Pelta-class Assault Ship (56),Hondo Ohnaka (2),1
Modified Pelta-class Assault Ship (56),Veteran Captain (2),2
Modified Pelta-class Assault Ship (56),Toryn Farr (7),1
Modified Pelta-class Assault Ship (56),Auxiliary Shields Team (3),1
Modified Pelta-class Assault Ship (56),Assault Proton Torpedoes (4),1
Raider II-class Corvette (48),Corvus (2),19
Raider II-class Corvette (48),Governor Pryce (6),1
Raider II-class Corvette (48),Disposable Capacitors (3),37
Raider II-class Corvette (48),Heavy Ion Emplacements (9),24
Raider II-class Corvette (48),Weapons Battery Techs (4),16
Raider II-class Corvette (48),NK-7 Ion Cannons (6),3
Raider II-class Corvette (48),Emperor Palpatine (3),2
Raider II-class Corvette (48),Overload Pulse (6),5
Raider II-class Corvette (48),Admiral Ozzel (20),7
Raider II-class Corvette (48),Admiral Ozzel (2),1
Raider II-class Corvette (48),Iden Versio (6),9
Raider II-class Corvette (48),Admiral Montferrat (5),2
Raider II-class Corvette (48),Veteran Captain (2),1
Raider II-class Corvette (48),Darth Vader (3),1
Raider II-class Corvette (48),Impetuous (4),3
Raider II-class Corvette (48),Ion Cannon Batteries (5),4
Raider II-class Corvette (48),Hondo Ohnaka (2),1
Raider II-class Corvette (48),SW-7 Ion Batteries (5),2
Raider II-class Corvette (48),Point Defense Ion Cannons (6),2
Raider II-class Corvette (48),Admiral Titus (2),2
Raider II-class Corvette (48),Veteran Gunners (5),1
Raider II-class Corvette (48),Instigator (4),1
Raider II-class Corvette (48),Commander Beck (3),1
Raider II-class Corvette (48),Skilled First Officer (1),2
Raider II-class Corvette (48),Ruthless Strategists (4),1
Gladiator II-class Star Destroyer (62),Demolisher (10),41
Gladiator II-class Star Destroyer (62),Minister Tua (2),1
Gladiator II-class Star Destroyer (62),Ruthless Strategists (4),20
Gladiator II-class Star Destroyer (62),Fighter Coordination Team (3),19
Gladiator II-class Star Destroyer (62),Electronic Countermeasures (7),1
Gladiator II-class Star Destroyer (62),Agent Kallus (3),24
Gladiator II-class Star Destroyer (62),Flight Controllers (6),1
Gladiator II-class Star Destroyer (62),External Racks (4),37
Gladiator II-class Star Destroyer (62),Ordnance Experts (4),21
Gladiator II-class Star Destroyer (62),Skilled First Officer (1),1
Gladiator II-class Star Destroyer (62),Admiral Montferrat (5),5
Gladiator II-class Star Destroyer (62),Engine Techs (8),7
Gladiator II-class Star Destroyer (62),Expanded Launchers (8),1
Gladiator II-class Star Destroyer (62),Emperor Palpatine (3),2
Gladiator II-class Star Destroyer (62),Governor Pryce (6),6
Gladiator II-class Star Destroyer (62),Assault Proton Torpedoes (4),2
Gladiator II-class Star Destroyer (62),Admiral Ozzel (20),1
Gladiator II-class Star Destroyer (62),Captain Brunson (9),1
Gladiator II-class Star Destroyer (62),Commander Beck (3),1
Gladiator II-class Star Destroyer (62),Nav Team (4),1
Gladiator II-class Star Destroyer (62),Intel Officer (7),1
Gladiator II-class Star Destroyer (62),Seventh Fleet Star Destroyer (5),1
Gladiator II-class Star Destroyer (62),Projection Experts (6),1
Munificent-class Star Frigate (73),Tikkes (2),12
Munificent-class Star Frigate (73),Projection Experts (6),50
Munificent-class Star Frigate (73),Thermal Shields (5),81
Munificent-class Star Frigate (73),Point Defense Ion Cannons (6),73
Munificent-class Star Frigate (73),Linked Turbolaser Towers (7),83
Munificent-class Star Frigate (73),Skilled First Officer (1),10
Munificent-class Star Frigate (73),Sa Nalaor (5),15
Munificent-class Star Frigate (73),Passel Argente (6),2
Munificent-class Star Frigate (73),Wat Tambor (9),26
Munificent-class Star Frigate (73),Auxiliary Shields Team (3),2
Munificent-class Star Frigate (73),Rune Haako (4),8
Munificent-class Star Frigate (73),Engine Techs (8),6
Munificent-class Star Frigate (73),Tide of Progress XII (2),10
Munificent-class Star Frigate (73),Medical Team (1),5
Munificent-class Star Frigate (73),Hondo Ohnaka (2),6
Munificent-class Star Frigate (73),Electronic Countermeasures (7),3
Munificent-class Star Frigate (73),TI-99 (4),1
Munificent-class Star Frigate (73),Battle Droid Reserves (4),1
Munificent-class Star Frigate (73),Reinforced Blast Doors (5),1
Munificent-class Star Frigate (73),XI7 Turbolasers (6),1
Munificent-class Star Frigate (73),Engineering Team (3),1
Munificent-class Star Frigate (73),Early Warning System (7),1
Munificent-class Star Frigate (73),Fighter Coordination Team (3),1
Munificent-class Star Frigate (73),High-Capacity Ion Turbines (6),2
Munificent-class Comms Frigate (70),Rune Haako (4),5
Munificent-class Comms Frigate (70),Auxiliary Shields Team (3),16
Munificent-class Comms Frigate (70),B2 Rocket Troopers (7),19
Munificent-class Comms Frigate (70),Dual Turbolaser Turrets (4),1
Munificent-class Comms Frigate (70),Tide of Progress XII (2),7
Munificent-class Comms Frigate (70),TI-99 (4),2
Munificent-class Comms Frigate (70),Medical Team (1),2
Munificent-class Comms Frigate (70),Disposable Capacitors (3),2
Munificent-class Comms Frigate (70),Linked Turbolaser Towers (7),45
Munificent-class Comms Frigate (70),Tikkes (2),9
Munificent-class Comms Frigate (70),Point Defense Ion Cannons (6),28
Munificent-class Comms Frigate (70),Projection Experts (6),9
Munificent-class Comms Frigate (70),Reserve Hangar Deck (4),11
Munificent-class Comms Frigate (70),Sa Nalaor (5),9
Munificent-class Comms Frigate (70),Boosted Comms (4),3
Munificent-class Comms Frigate (70),Wat Tambor (9),3
Munificent-class Comms Frigate (70),Skilled First Officer (1),4
Munificent-class Comms Frigate (70),Engine Techs (8),2
Munificent-class Comms Frigate (70),Proximity Mines (4),2
Munificent-class Comms Frigate (70),Ion Cannon Batteries (5),1
Munificent-class Comms Frigate (70),Flag Bridge (0),2
Munificent-class Comms Frigate (70),Jedi Hostage (3),2
Munificent-class Comms Frigate (70),Asajj Ventress (2),2
Munificent-class Comms Frigate (70),T-series Tactical Droid (4),2
Munificent-class Comms Frigate (70),Flight Commander (3),1
Munificent-class Comms Frigate (70),Expanded Hangar Bay (5),1
Munificent-class Comms Frigate (70),Hondo Ohnaka (2),1
Munificent-class Comms Frigate (70),XI7 Turbolasers (6),1
Munificent-class Comms Frigate (70),Intel Officer (7),1
Gozanti-class Assault Carriers (26),Commander Gherant (2),1
Gozanti-class Assault Carriers (26),Munitions Resupply (3),8
Gozanti-class Assault Carriers (26),Reserve Hangar Deck (4),1
Gozanti-class Assault Carriers (26),Parts Resupply (3),5
Gozanti-class Assault Carriers (26),Darth Vader (4),7
Gozanti-class Assault Carriers (26),Comms Net (2),11
Gozanti-class Assault Carriers (26),Hondo Ohnaka (2),6
Gozanti-class Assault Carriers (26),Proximity Mines (4),4
Gozanti-class Assault Carriers (26),Suppressor (4),2
Gozanti-class Assault Carriers (26),Emperor Palpatine (3),1
Gozanti-class Assault Carriers (26),Vector (2),2
Gozanti-class Assault Carriers (26),Admiral Chiraneau (10),1
Gozanti-class Assault Carriers (26),Boosted Comms (4),1
Gozanti-class Assault Carriers (26),Agent Kallus (3),1
Gozanti-class Assault Carriers (26),Admiral Titus (2),2
Gozanti-class Assault Carriers (26),Bomber Command Center (8),1
MC80 Star Cruiser (96),Intel Officer (7),10
MC80 Star Cruiser (96),Caitken and Shollan (6),17
MC80 Star Cruiser (96),SW-7 Ion Batteries (5),20
MC80 Star Cruiser (96),Quad Battery Turrets (5),6
MC80 Star Cruiser (96),XI7 Turbolasers (6),23
MC80 Star Cruiser (96),Mon Karren (6),33
MC80 Star Cruiser (96),Expert Shield Tech (5),6
MC80 Star Cruiser (96),Engine Techs (8),26
MC80 Star Cruiser (96),Point Defense Ion Cannons (6),13
MC80 Star Cruiser (96),Spinal Armament (9),29
MC80 Star Cruiser (96),XX-9 Turbolasers (2),9
MC80 Star Cruiser (96),Lando Calrissian (4),8
MC80 Star Cruiser (96),Raymus Antilles (7),10
MC80 Star Cruiser (96),Gunnery Team (7),19
MC80 Star Cruiser (96),Projection Experts (6),1
MC80 Star Cruiser (96),Nav Team (4),10
MC80 Star Cruiser (96),Medical Team (1),1
MC80 Star Cruiser (96),Linked Turbolaser Towers (7),14
MC80 Star Cruiser (96),General Dodonna (20),4
MC80 Star Cruiser (96),Endeavor (4),3
MC80 Star Cruiser (96),Fire-Control Team (2),1
MC80 Star Cruiser (96),Heavy Ion Emplacements (9),6
MC80 Star Cruiser (96),Walex Blissex (5),9
MC80 Star Cruiser (96),Weapons Battery Techs (4),4
MC80 Star Cruiser (96),GR-75 Medium Transports (18),1
MC80 Star Cruiser (96),H9 Turbolasers (8),2
MC80 Star Cruiser (96),Turbolaser Reroute Circuits (7),3
MC80 Star Cruiser (96),Ezra Bridger (3),1
MC80 Star Cruiser (96),Dual Turbolaser Turrets (4),1
MC80 Star Cruiser (96),Auxiliary Shields Team (3),7
MC80 Star Cruiser (96),Leading Shots (5),5
MC80 Star Cruiser (96),Flight Controllers (6),1
MC80 Star Cruiser (96),Overload Pulse (6),1
MC80 Star Cruiser (96),Mon Calamari Exodus Fleet (5),2
MC80 Star Cruiser (96),Hondo Ohnaka (2),1
Imperial I-class Star Destroyer (110),Admiral Ozzel (20),6
Imperial I-class Star Destroyer (110),Minister Tua (2),20
Imperial I-class Star Destroyer (110),Flight Controllers (6),13
Imperial I-class Star Destroyer (110),Electronic Countermeasures (7),16
Imperial I-class Star Destroyer (110),Boosted Comms (4),17
Imperial I-class Star Destroyer (110),Expanded Hangar Bay (5),14
Imperial I-class Star Destroyer (110),Leading Shots (5),12
Imperial I-class Star Destroyer (110),Quad Battery Turrets (5),1
Imperial I-class Star Destroyer (110),Boarding Troopers (3),13
Imperial I-class Star Destroyer (110),Reserve Hangar Deck (4),8
Imperial I-class Star Destroyer (110),Point Defense Ion Cannons (6),14
Imperial I-class Star Destroyer (110),XX-9 Turbolasers (2),3
Imperial I-class Star Destroyer (110),Chart Officer (2),1
Imperial I-class Star Destroyer (110),XI7 Turbolasers (6),7
Imperial I-class Star Destroyer (110),Heavy Turbolaser Turrets (4),2
Imperial I-class Star Destroyer (110),Early Warning System (7),3
Imperial I-class Star Destroyer (110),Captain Needa (2),3
Imperial I-class Star Destroyer (110),Phylon Q7 Tractor Beams (6),4
Imperial I-class Star Destroyer (110),Linked Turbolaser Towers (7),9
Imperial I-class Star Destroyer (110),Sovereign (4),5
Imperial I-class Star Destroyer (110),Gunnery Team (7),4
Imperial I-class Star Destroyer (110),Relentless (3),8
Imperial I-class Star Destroyer (110),Quad Laser Turrets (5),3
Imperial I-class Star Destroyer (110),Spinal Armament (9),3
Imperial I-class Star Destroyer (110),Emperor Palpatine (3),3
Imperial I-class Star Destroyer (110),Ordnance Experts (4),6
Imperial I-class Star Destroyer (110),Avenger (5),3
Imperial I-class Star Destroyer (110),Dual Turbolaser Turrets (4),1
Imperial I-class Star Destroyer (110),Admiral Chiraneau (10),2
Imperial I-class Star Destroyer (110),Seventh Fleet Star Destroyer (5),2
Imperial I-class Star Destroyer (110),Intel Officer (7),2
Imperial I-class Star Destroyer (110),Heavy Ion Emplacements (9),2
Imperial I-class Star Destroyer (110),H9 Turbolasers (8),2
Imperial I-class Star Destroyer (110),Expert Shield Tech (5),1
Imperial I-class Star Destroyer (110),Hondo Ohnaka (2),1
Imperial I-class Star Destroyer (110),Local Fire Control (4),3
Imperial I-class Star Destroyer (110),Commander Gherant (2),1
Imperial I-class Star Destroyer (110),MS-1 Ion Cannon (2),1
Imperial I-class Star Destroyer (110),Veteran Gunners (5),3
Imperial I-class Star Destroyer (110),Flak Guns (3),2
Imperial I-class Star Destroyer (110),Darth Vader (3),1
Imperial I-class Star Destroyer (110),Chimaera (4),1
Imperial I-class Star Destroyer (110),Wullf Yularen (7),1
Imperial I-class Star Destroyer (110),"All Fighters, Follow Me! (5)",1
Imperial I-class Star Destroyer (110),Flight Commander (3),3
Imperial I-class Star Destroyer (110),Advanced Projectors (6),1
Imperial I-class Star Destroyer (110),Rapid Launch Bays (6),2
Imperial I-class Star Destroyer (110),SW-7 Ion Batteries (5),1
Imperial I-class Star Destroyer (110),Taskmaster Grint (5),1
Imperial I-class Star Destroyer (110),Reeva Demesne (4),1
Imperial I-class Star Destroyer (110),Commander Vanto (7),1
Imperial I-class Star Destroyer (110),Hardened Bulkheads (5),1
Venator I-class Star Destroyer (90),Tranquility (7),54
Venator I-class Star Destroyer (90),Intel Officer (7),7
Venator I-class Star Destroyer (90),Local Fire Control (4),41
Venator I-class Star Destroyer (90),SPHA-T (7),35
Venator I-class Star Destroyer (90),External Racks (4),22
Venator I-class Star Destroyer (90),XI7 Turbolasers (6),17
Venator I-class Star Destroyer (90),Intensify Firepower! (6),45
Venator I-class Star Destroyer (90),Clone Captain Silver (4),9
Venator I-class Star Destroyer (90),Flak Guns (3),39
Venator I-class Star Destroyer (90),DBY-827 Heavy Turbolasers (3),43
Venator I-class Star Destroyer (90),Expert Shield Tech (5),8
Venator I-class Star Destroyer (90),Ordnance Experts (4),30
Venator I-class Star Destroyer (90),Assault Proton Torpedoes (4),13
Venator I-class Star Destroyer (90),Dual Turbolaser Turrets (4),2
Venator I-class Star Destroyer (90),Take Evasive Action! (6),10
Venator I-class Star Destroyer (90),Chart Officer (2),2
Venator I-class Star Destroyer (90),Linked Turbolaser Towers (7),7
Venator I-class Star Destroyer (90),Ordnance Pods (3),29
Venator I-class Star Destroyer (90),Anakin Skywalker - BTL-B Y-wing Squadron (18),11
Venator I-class Star Destroyer (90),Clone Navigation Officer (4),4
Venator I-class Star Destroyer (90),Clone Gunners (4),4
Venator I-class Star Destroyer (90),Clone Captain Zak (5),7
Venator I-class Star Destroyer (90),Swivel-Mount Batteries (8),6
Venator I-class Star Destroyer (90),Resolute (4),15
Venator I-class Star Destroyer (90),Adi Gallia (3),11
Venator I-class Star Destroyer (90),Boarding Troopers (3),2
Venator I-class Star Destroyer (90),Shields to Maximum! (6),5
Venator I-class Star Destroyer (90),Mercy Mission (5),19
Venator I-class Star Destroyer (90),"All Fighters, Follow Me! (5)",3
Venator I-class Star Destroyer (90),Flight Commander (3),3
Venator I-class Star Destroyer (90),Ruthless Strategists (4),2
Venator I-class Star Destroyer (90),Expanded Hangar Bay (5),2
Venator I-class Star Destroyer (90),Skilled First Officer (1),2
Venator I-class Star Destroyer (90),Barriss Offee (6),1
Venator I-class Star Destroyer (90),Hondo Ohnaka (2),4
Venator I-class Star Destroyer (90),Expanded Launchers (8),4
Venator I-class Star Destroyer (90),Heavy Turbolaser Turrets (4),2
Venator I-class Star Destroyer (90),Hot Landing (3),1
Venator I-class Star Destroyer (90),Veteran Captain (2),1
Venator I-class Star Destroyer (90),Hyperspace Rings (3),1
Venator I-class Star Destroyer (90),Assault Concussion Missiles (5),1
Venator I-class Star Destroyer (90),Gunnery Team (7),2
Venator I-class Star Destroyer (90),Spinal Armament (9),1
Venator I-class Star Destroyer (90),Reserve Hangar Deck (4),1
Venator I-class Star Destroyer (90),Hardened Bulkheads (5),2
Venator I-class Star Destroyer (90),XX-9 Turbolasers (2),1
Venator I-class Star Destroyer (90),Flight Controllers (6),1
Venator I-class Star Destroyer (90),Defense Liaison (3),1
Venator I-class Star Destroyer (90),Veteran Gunners (5),1
Victory I-class Star Destroyer {GAR} (73),Clone Captain Zak (5),1
Victory I-class Star Destroyer {GAR} (73),Engine Techs (8),7
Victory I-class Star Destroyer {GAR} (73),Clone Gunners (4),5
Victory I-class Star Destroyer {GAR} (73),SPHA-T (7),36
Victory I-class Star Destroyer {GAR} (73),External Racks (4),17
Victory I-class Star Destroyer {GAR} (73),Ordnance Pods (3),13
Victory I-class Star Destroyer {GAR} (73),Clone Navigation Officer (4),6
Victory I-class Star Destroyer {GAR} (73),Skilled First Officer (1),2
Victory I-class Star Destroyer {GAR} (73),Projection Experts (6),9
Victory I-class Star Destroyer {GAR} (73),Anakin Skywalker - BTL-B Y-wing Squadron (18),2
Victory I-class Star Destroyer {GAR} (73),Adi Gallia (3),7
Victory I-class Star Destroyer {GAR} (73),Fighter Coordination Team (3),5
Victory I-class Star Destroyer {GAR} (73),Assault Proton Torpedoes (4),9
Victory I-class Star Destroyer {GAR} (73),Ordnance Experts (4),12
Victory I-class Star Destroyer {GAR} (73),Veteran Gunners (5),4
Victory I-class Star Destroyer {GAR} (73),Boarding Troopers (3),1
Victory I-class Star Destroyer {GAR} (73),Hondo Ohnaka (2),2
Victory I-class Star Destroyer {GAR} (73),Phylon Q7 Tractor Beams (6),1
Victory I-class Star Destroyer {GAR} (73),Barriss Offee (6),1
Victory I-class Star Destroyer {GAR} (73),Auxiliary Shields Team (3),7
Victory I-class Star Destroyer {GAR} (73),Assault Concussion Missiles (5),2
Victory I-class Star Destroyer {GAR} (73),Wide-Area Barrage (2),3
Victory I-class Star Destroyer {GAR} (73),Reserve Hangar Deck (4),1
Victory I-class Star Destroyer {GAR} (73),Flight Commander (3),2
Victory I-class Star Destroyer {GAR} (73),Flight Controllers (6),2
Victory I-class Star Destroyer {GAR} (73),Expanded Hangar Bay (5),2
Modified Pelta-class Command Ship (60),Projection Experts (6),7
Modified Pelta-class Command Ship (60),Disposable Capacitors (3),4
Modified Pelta-class Command Ship (60),Intensify Firepower! (6),10
Modified Pelta-class Command Ship (60),Flight Commander (3),3
Modified Pelta-class Command Ship (60),Fighter Coordination Team (3),8
Modified Pelta-class Command Ship (60),Boosted Comms (4),6
Modified Pelta-class Command Ship (60),Ahsoka Tano (2),7
Modified Pelta-class Command Ship (60),Veteran Captain (2),1
Modified Pelta-class Command Ship (60),Reserve Hangar Deck (4),2
Modified Pelta-class Command Ship (60),Adar Tallon (10),1
Modified Pelta-class Command Ship (60),"All Fighters, Follow Me! (5)",6
Modified Pelta-class Command Ship (60),GR-75 Medium Transports (18),1
Modified Pelta-class Command Ship (60),Phoenix Home (3),7
Modified Pelta-class Command Ship (60),Raymus Antilles (7),6
Modified Pelta-class Command Ship (60),Engine Techs (8),2
Modified Pelta-class Command Ship (60),Skilled First Officer (1),1
Modified Pelta-class Command Ship (60),General Dodonna (20),2
Modified Pelta-class Command Ship (60),Wing Commander (6),1
Modified Pelta-class Command Ship (60),Expanded Hangar Bay (5),1
Modified Pelta-class Command Ship (60),Toryn Farr (7),2
Modified Pelta-class Command Ship (60),Shields to Maximum! (6),2
Modified Pelta-class Command Ship (60),Take Evasive Action! (6),1
Modified Pelta-class Command Ship (60),Wedge Antilles (4),3
Modified Pelta-class Command Ship (60),Sabine Wren (4),1
Modified Pelta-class Command Ship (60),Auxiliary Shields Team (3),1
Modified Pelta-class Command Ship (60),Proximity Mines (4),1
Modified Pelta-class Command Ship (60),Hondo Ohnaka (2),1
Modified Pelta-class Command Ship (60),Entrapment Formation! (5),1
Star Dreadnought Command Prototype (220),Captain Needa (2),5
Star Dreadnought Command Prototype (220),Commander Vanto (7),4
Star Dreadnought Command Prototype (220),Emperor Palpatine (3),8
Star Dreadnought Command Prototype (220),Gunnery Team (7),6
Star Dreadnought Command Prototype (220),Leading Shots (5),7
Star Dreadnought Command Prototype (220),Quad Battery Turrets (5),7
Star Dreadnought Command Prototype (220),Captain Brunson (9),2
Star Dreadnought Command Prototype (220),Expert Shield Tech (5),3
Star Dreadnought Command Prototype (220),Boarding Troopers (3),4
Star Dreadnought Command Prototype (220),Take Evasive Action! (6),5
Star Dreadnought Command Prototype (220),Reeva Demesne (4),2
Star Dreadnought Command Prototype (220),Local Fire Control (4),2
Star Dreadnought Command Prototype (220),Flak Guns (3),2
Star Dreadnought Command Prototype (220),Eclipse (3),4
Star Dreadnought Command Prototype (220),Admiral Ozzel (2),4
Star Dreadnought Command Prototype (220),Admiral Titus (2),2
Star Dreadnought Command Prototype (220),Flight Commander (3),2
Star Dreadnought Command Prototype (220),Rapid Launch Bays (6),2
Star Dreadnought Command Prototype (220),Darth Vader (4),1
Star Dreadnought Command Prototype (220),Quad Laser Turrets (5),1
Star Dreadnought Command Prototype (220),XI7 Turbolasers (6),2
Star Dreadnought Command Prototype (220),Intensify Firepower! (6),3
Star Dreadnought Command Prototype (220),Ravager (4),2
Star Dreadnought Command Prototype (220),Director Krennic (8),1
Star Dreadnought Command Prototype (220),Governor Pryce (6),3
Star Dreadnought Command Prototype (220),Heavy Ion Emplacements (9),1
Star Dreadnought Command Prototype (220),SW-7 Ion Batteries (5),1
Star Dreadnought Command Prototype (220),Damage Control Officer (3),1
Star Dreadnought Command Prototype (220),Darth Vader (3),1
Star Dreadnought Command Prototype (220),Quad Turbolaser Cannons (10),1
Star Dreadnought Command Prototype (220),Lira Wessex (2),1
Star Dreadnought Command Prototype (220),DBY-827 Heavy Turbolasers (3),1
Onager-class Star Destroyer (120),Cataclysm (5),14
Onager-class Star Destroyer (120),Emperor Palpatine (3),2
Onager-class Star Destroyer (120),Gunnery Chief Varnillian (6),16
Onager-class Star Destroyer (120),Veteran Gunners (5),24
Onager-class Star Destroyer (120),XX-9 Turbolasers (2),3
Onager-class Star Destroyer (120),Orbital Bombardment Particle Cannons (5),36
Onager-class Star Destroyer (120),Minister Tua (2),4
Onager-class Star Destroyer (120),Ordnance Experts (4),13
Onager-class Star Destroyer (120),Electronic Countermeasures (7),4
Onager-class Star Destroyer (120),XI7 Turbolasers (6),21
Onager-class Star Destroyer (120),Rakehell (4),5
Onager-class Star Destroyer (120),Intel Officer (7),5
Onager-class Star Destroyer (120),Weapons Battery Techs (4),11
Onager-class Star Destroyer (120),Skilled First Officer (1),2
Onager-class Star Destroyer (120),DBY-827 Heavy Turbolasers (3),2
Onager-class Star Destroyer (120),Sunder (10),11
Onager-class Star Destroyer (120),Sensor Team (5),12
Onager-class Star Destroyer (120),Linked Turbolaser Towers (7),16
Onager-class Star Destroyer (120),Superheavy Composite Beam Turbolasers (7),15
Onager-class Star Destroyer (120),Captain Needa (2),3
Onager-class Star Destroyer (120),Turbolaser Reroute Circuits (7),3
Onager-class Star Destroyer (120),Governor Pryce (6),31
Onager-class Star Destroyer (120),Gunnery Team (7),7
Onager-class Star Destroyer (120),Commander Beck (3),1
Onager-class Star Destroyer (120),Fire-Control Team (2),6
Onager-class Star Destroyer (120),Admiral Ozzel (2),1
Onager-class Star Destroyer (120),Admiral Ozzel (20),5
Onager-class Star Destroyer (120),Heavy Turbolaser Turrets (4),2
Onager-class Star Destroyer (120),Captain Brunson (9),1
Onager-class Star Destroyer (120),Seventh Fleet Star Destroyer (5),3
Hammerhead Scout Corvette (41),Task Force Antilles (3),10
Hammerhead Scout Corvette (41),Ezra Bridger (3),3
Hammerhead Scout Corvette (41),Gunnery Team (7),6
Hammerhead Scout Corvette (41),Disposable Capacitors (3),7
Hammerhead Scout Corvette (41),Enhanced Armament (10),4
Hammerhead Scout Corvette (41),Expert Shield Tech (5),3
Hammerhead Scout Corvette (41),Ahsoka Tano (2),2
Hammerhead Scout Corvette (41),Ruthless Strategists (4),2
Hammerhead Scout Corvette (41),GR-75 Medium Transports (18),1
Hammerhead Scout Corvette (41),Task Force Organa (1),12
Hammerhead Scout Corvette (41),Sabine Wren (4),1
Hammerhead Scout Corvette (41),Proximity Mines (4),1
Hammerhead Scout Corvette (41),Slaved Turrets (6),9
Hammerhead Scout Corvette (41),Linked Turbolaser Towers (7),6
Hammerhead Scout Corvette (41),Quad Battery Turrets (5),2
Hammerhead Scout Corvette (41),Weapons Battery Techs (4),3
Acclamator I-class Assault Ship (64),Boarding Troopers (3),9
Acclamator I-class Assault Ship (64),External Racks (4),20
Acclamator I-class Assault Ship (64),Nevoota Bee (5),35
Acclamator I-class Assault Ship (64),Ahsoka Tano (6),10
Acclamator I-class Assault Ship (64),Flight Controllers (6),34
Acclamator I-class Assault Ship (64),Expanded Hangar Bay (5),25
Acclamator I-class Assault Ship (64),Hyperspace Rings (3),6
Acclamator I-class Assault Ship (64),Clone Captain Silver (4),8
Acclamator I-class Assault Ship (64),Flag Bridge (0),15
Acclamator I-class Assault Ship (64),Boosted Comms (4),30
Acclamator I-class Assault Ship (64),Mercy Mission (5),15
Acclamator I-class Assault Ship (64),Anakin Skywalker - BTL-B Y-wing Squadron (18),3
Acclamator I-class Assault Ship (64),Implacable (4),11
Acclamator I-class Assault Ship (64),Skilled First Officer (1),1
Acclamator I-class Assault Ship (64),Boarding Engineers (2),2
Acclamator I-class Assault Ship (64),Adi Gallia (3),6
Acclamator I-class Assault Ship (64),Flight Commander (3),4
Acclamator I-class Assault Ship (64),Ordnance Pods (3),5
Acclamator I-class Assault Ship (64),Veteran Gunners (5),1
Acclamator I-class Assault Ship (64),Clone Navigation Officer (4),7
Acclamator I-class Assault Ship (64),Linked Turbolaser Towers (7),6
Acclamator I-class Assault Ship (64),Reserve Hangar Deck (4),3
Acclamator I-class Assault Ship (64),Local Fire Control (4),2
Acclamator I-class Assault Ship (64),Flak Guns (3),4
Acclamator I-class Assault Ship (64),DBY-827 Heavy Turbolasers (3),7
Acclamator I-class Assault Ship (64),Proximity Mines (4),1
Acclamator I-class Assault Ship (64),XI7 Turbolasers (6),1
Acclamator I-class Assault Ship (64),Ordnance Experts (4),3
Acclamator I-class Assault Ship (64),Assault Concussion Missiles (5),1
Acclamator I-class Assault Ship (64),Flechette Torpedoes (3),1
Acclamator I-class Assault Ship (64),Quad Battery Turrets (5),1
Acclamator I-class Assault Ship (64),Chart Officer (2),1
Acclamator I-class Assault Ship (64),Rapid Launch Bays (6),1
Acclamator I-class Assault Ship (64),Assault Proton Torpedoes (4),1
Acclamator I-class Assault Ship (64),XX-9 Turbolasers (2),1
Victory I-class Star Destroyer (73),Harrow (3),17
Victory I-class Star Destroyer (73),Ordnance Experts (4),10
Victory I-class Star Destroyer (73),Engine Techs (8),14
Victory I-class Star Destroyer (73),Expanded Launchers (8),1
Victory I-class Star Destroyer (73),Reeva Demesne (4),1
Victory I-class Star Destroyer (73),Boarding Troopers (3),7
Victory I-class Star Destroyer (73),External Racks (4),19
Victory I-class Star Destroyer (73),Dual Turbolaser Turrets (4),1
Victory I-class Star Destroyer (73),Local Fire Control (4),3
Victory I-class Star Destroyer (73),SPHA-T (7),1
Victory I-class Star Destroyer (73),Minister Tua (2),11
Victory I-class Star Destroyer (73),Electronic Countermeasures (7),8
Victory I-class Star Destroyer (73),Linked Turbolaser Towers (7),6
Victory I-class Star Destroyer (73),Corrupter (3),2
Victory I-class Star Destroyer (73),Flag Bridge (0),1
Victory I-class Star Destroyer (73),"All Fighters, Follow Me! (5)",1
Victory I-class Star Destroyer (73),Commander Vanto (7),1
Victory I-class Star Destroyer (73),Auxiliary Shields Team (3),2
Victory I-class Star Destroyer (73),Quad Battery Turrets (5),4
Victory I-class Star Destroyer (73),Captain Brunson (9),1
Victory I-class Star Destroyer (73),Reinforced Blast Doors (5),2
Victory I-class Star Destroyer (73),Emperor Palpatine (3),3
Victory I-class Star Destroyer (73),Flight Commander (3),1
Victory I-class Star Destroyer (73),Ruthless Strategists (4),1
Victory I-class Star Destroyer (73),Expanded Hangar Bay (5),1
Victory I-class Star Destroyer (73),Ordnance Pods (3),2
Victory I-class Star Destroyer (73),Taskmaster Grint (5),1
Victory I-class Star Destroyer (73),Flight Controllers (6),2
Victory I-class Star Destroyer (73),Boosted Comms (4),3
Victory I-class Star Destroyer (73),XX-9 Turbolasers (2),1
Victory I-class Star Destroyer (73),Warlord (8),1
Victory I-class Star Destroyer (73),H9 Turbolasers (8),1
Victory I-class Star Destroyer (73),Assault Proton Torpedoes (4),2
Victory I-class Star Destroyer (73),XI7 Turbolasers (6),1
Victory I-class Star Destroyer (73),Expert Shield Tech (5),1
Victory I-class Star Destroyer (73),Hondo Ohnaka (2),1
Victory I-class Star Destroyer (73),Projection Experts (6),1
Victory I-class Star Destroyer (73),Proximity Mines (4),1
Victory I-class Star Destroyer (73),Early Warning System (7),1
MC80 Assault Cruiser (110),Engine Techs (8),20
MC80 Assault Cruiser (110),Advanced Projectors (6),10
MC80 Assault Cruiser (110),Electronic Countermeasures (7),35
MC80 Assault Cruiser (110),Point Defense Ion Cannons (6),19
MC80 Assault Cruiser (110),Dual Turbolaser Turrets (4),1
MC80 Assault Cruiser (110),Home One (5),12
MC80 Assault Cruiser (110),Walex Blissex (5),7
MC80 Assault Cruiser (110),Early Warning System (7),21
MC80 Assault Cruiser (110),Heavy Fire Zone (2),2
MC80 Assault Cruiser (110),Skilled First Officer (1),5
MC80 Assault Cruiser (110),Fighter Coordination Team (3),2
MC80 Assault Cruiser (110),Leading Shots (5),18
MC80 Assault Cruiser (110),Expert Shield Tech (5),7
MC80 Assault Cruiser (110),Projection Experts (6),6
MC80 Assault Cruiser (110),Reinforced Blast Doors (5),10
MC80 Assault Cruiser (110),Linked Turbolaser Towers (7),21
MC80 Assault Cruiser (110),GR-75 Medium Transports (18),2
MC80 Assault Cruiser (110),Reactive Gunnery (4),11
MC80 Assault Cruiser (110),Quad Battery Turrets (5),10
MC80 Assault Cruiser (110),Defiance (5),15
MC80 Assault Cruiser (110),Medical Team (1),3
MC80 Assault Cruiser (110),Major Derlin (7),2
MC80 Assault Cruiser (110),XI7 Turbolasers (6),8
MC80 Assault Cruiser (110),Raymus Antilles (7),5
MC80 Assault Cruiser (110),Mon Calamari Exodus Fleet (5),11
MC80 Assault Cruiser (110),Nav Team (4),1
MC80 Assault Cruiser (110),Intel Officer (7),2
MC80 Assault Cruiser (110),General Dodonna (20),1
MC80 Assault Cruiser (110),XX-9 Turbolasers (2),1
MC80 Assault Cruiser (110),Damage Control Officer (3),2
MC80 Assault Cruiser (110),Heavy Ion Emplacements (9),2
MC80 Assault Cruiser (110),Toryn Farr (7),1
MC80 Assault Cruiser (110),Ahsoka Tano (2),1
MC80 Assault Cruiser (110),Redundant Shields (8),1
MC80 Assault Cruiser (110),Heavy Turbolaser Turrets (4),1
MC80 Assault Cruiser (110),Hondo Ohnaka (2),1
MC80 Assault Cruiser (110),Lando Calrissian (4),2
MC80 Assault Cruiser (110),Ezra Bridger (3),1
GR-75 Combat Retrofits (24),Leia Organa (3),1
GR-75 Combat Retrofits (24),Comms Net (2),9
GR-75 Combat Retrofits (24),Ahsoka Tano (2),6
GR-75 Combat Retrofits (24),Bright Hope (2),10
GR-75 Combat Retrofits (24),Wedge Antilles (4),1
GR-75 Combat Retrofits (24),Disposable Capacitors (3),3
GR-75 Combat Retrofits (24),Repair Crews (3),1
GR-75 Combat Retrofits (24),Munitions Resupply (3),2
GR-75 Combat Retrofits (24),Ezra Bridger (3),1
GR-75 Combat Retrofits (24),Reserve Hangar Deck (4),1
GR-75 Combat Retrofits (24),Slicer Tools (7),1
Assault Frigate Mark II A (77),Gallant Haven (8),11
Assault Frigate Mark II A (77),Ezra Bridger (3),1
Assault Frigate Mark II A (77),Ruthless Strategists (4),10
Assault Frigate Mark II A (77),Proximity Mines (4),2
Assault Frigate Mark II A (77),Reinforced Blast Doors (5),10
Assault Frigate Mark II A (77),Quad Battery Turrets (5),5
Assault Frigate Mark II A (77),Support Officer (2),1
Assault Frigate Mark II A (77),Electronic Countermeasures (7),6
Assault Frigate Mark II A (77),Spinal Armament (9),1
Assault Frigate Mark II A (77),Walex Blissex (5),7
Assault Frigate Mark II A (77),Linked Turbolaser Towers (7),11
Assault Frigate Mark II A (77),Major Derlin (7),2
Assault Frigate Mark II A (77),Intel Officer (7),1
Assault Frigate Mark II A (77),Ordnance Experts (4),1
Assault Frigate Mark II A (77),Flak Guns (3),2
Assault Frigate Mark II A (77),Reactive Gunnery (4),3
Assault Frigate Mark II A (77),DBY-827 Heavy Turbolasers (3),2
Assault Frigate Mark II A (77),Paragon (5),3
Assault Frigate Mark II A (77),Toryn Farr (7),4
Assault Frigate Mark II A (77),Caitken and Shollan (6),3
Assault Frigate Mark II A (77),Boarding Troopers (3),1
Assault Frigate Mark II A (77),Boosted Comms (4),1
Assault Frigate Mark II A (77),General Draven (3),1
Assault Frigate Mark II A (77),Local Fire Control (4),1
Assault Frigate Mark II A (77),Skilled First Officer (1),1
Assault Frigate Mark II A (77),Quad Turbolaser Cannons (10),1
Assault Frigate Mark II A (77),Kyrsta Agate (5),1
Assault Frigate Mark II A (77),Quad Laser Turrets (5),1
Assault Frigate Mark II A (77),Heavy Turbolaser Turrets (4),1
Venator II-class Star Destroyer {IMP} (100),Emperor Palpatine (3),13
Venator II-class Star Destroyer {IMP} (100),Local Fire Control (4),1
Venator II-class Star Destroyer {IMP} (100),Electronic Countermeasures (7),19
Venator II-class Star Destroyer {IMP} (100),Expanded Launchers (8),12
Venator II-class Star Destroyer {IMP} (100),Assault Proton Torpedoes (4),3
Venator II-class Star Destroyer {IMP} (100),DBY-827 Heavy Turbolasers (3),1
Venator II-class Star Destroyer {IMP} (100),Governor Pryce (6),2
Venator II-class Star Destroyer {IMP} (100),Sensor Team (5),1
Venator II-class Star Destroyer {IMP} (100),Reinforced Blast Doors (5),6
Venator II-class Star Destroyer {IMP} (100),Expanded Hangar Bay (5),1
Venator II-class Star Destroyer {IMP} (100),External Racks (4),23
Venator II-class Star Destroyer {IMP} (100),Captain Needa (2),6
Venator II-class Star Destroyer {IMP} (100),Ordnance Experts (4),17
Venator II-class Star Destroyer {IMP} (100),Turbolaser Reroute Circuits (7),1
Venator II-class Star Destroyer {IMP} (100),Ordnance Pods (3),6
Venator II-class Star Destroyer {IMP} (100),XI7 Turbolasers (6),7
Venator II-class Star Destroyer {IMP} (100),Assault Concussion Missiles (5),5
Venator II-class Star Destroyer {IMP} (100),H9 Turbolasers (8),2
Venator II-class Star Destroyer {IMP} (100),Linked Turbolaser Towers (7),9
Venator II-class Star Destroyer {IMP} (100),Skilled First Officer (1),1
Venator II-class Star Destroyer {IMP} (100),Gunnery Chief Varnillian (6),1
Venator II-class Star Destroyer {IMP} (100),Quad Turbolaser Cannons (10),1
Venator II-class Star Destroyer {IMP} (100),Rapid Reload (4),1
Venator II-class Star Destroyer {IMP} (100),Ruthless Strategists (4),2
Venator II-class Star Destroyer {IMP} (100),Veteran Gunners (5),1
Venator II-class Star Destroyer {IMP} (100),Early Warning System (7),1
Venator II-class Star Destroyer {IMP} (100),Reeva Demesne (4),1
Venator II-class Star Destroyer {IMP} (100),Fire-Control Team (2),1
Venator II-class Star Destroyer {IMP} (100),XX-9 Turbolasers (2),1
Venator II-class Star Destroyer {IMP} (100),Admiral Ozzel (20),1
Venator II-class Star Destroyer {IMP} (100),Wullf Yularen (7),1
Venator II-class Star Destroyer {IMP} (100),Heavy Turbolaser Turrets (4),1
Venator II-class Star Destroyer {IMP} (100),Weapons Liaison (3),1
Venator II-class Star Destroyer {IMP} (100),Flight Controllers (6),1
Venator II-class Star Destroyer {IMP} (100),Admiral Ozzel (2),1
Venator II-class Star Destroyer {IMP} (100),Captain Brunson (9),1
Consular-class Charger c70 (42),Anakin Skywalker - BTL-B Y-wing Squadron (18),3
Consular-class Charger c70 (42),Radiant VII (1),10
Consular-class Charger c70 (42),Slicer Tools (7),1
Consular-class Charger c70 (42),Swift Return (3),7
Consular-class Charger c70 (42),Expert Shield Tech (5),5
Consular-class Charger c70 (42),Reserve Hangar Deck (4),2
Consular-class Charger c70 (42),Turbolaser Reroute Circuits (7),7
Consular-class Charger c70 (42),Clone Captain Zak (5),10
Consular-class Charger c70 (42),Munitions Resupply (3),3
Consular-class Charger c70 (42),Slaved Turrets (6),3
Consular-class Charger c70 (42),Clone Navigation Officer (4),8
Consular-class Charger c70 (42),Disposable Capacitors (3),5
Consular-class Charger c70 (42),Spinal Armament (9),5
Consular-class Charger c70 (42),Hondo Ohnaka (2),2
Consular-class Charger c70 (42),Medical Team (1),1
Consular-class Charger c70 (42),Linked Turbolaser Towers (7),11
Consular-class Charger c70 (42),Clone Captain Silver (4),1
Consular-class Charger c70 (42),Proximity Mines (4),1
Consular-class Charger c70 (42),Comms Net (2),3
Consular-class Charger c70 (42),Projection Experts (6),3
Consular-class Charger c70 (42),Parts Resupply (3),2
Consular-class Charger c70 (42),Bomber Command Center (8),1
Consular-class Charger c70 (42),Phylon Q7 Tractor Beams (6),2
Consular-class Charger c70 (42),Auxiliary Shields Team (3),4
Consular-class Charger c70 (42),Swivel-Mount Batteries (8),6
Consular-class Charger c70 (42),Chart Officer (2),1
Starhawk-class Battleship Mark II (150),Unity (10),23
Starhawk-class Battleship Mark II (150),Walex Blissex (5),16
Starhawk-class Battleship Mark II (150),Expert Shield Tech (5),17
Starhawk-class Battleship Mark II (150),Caitken and Shollan (6),6
Starhawk-class Battleship Mark II (150),Quad Laser Turrets (5),2
Starhawk-class Battleship Mark II (150),Point Defense Ion Cannons (6),16
Starhawk-class Battleship Mark II (150),Quad Battery Turrets (5),1
Starhawk-class Battleship Mark II (150),Ahsoka Tano (2),2
Starhawk-class Battleship Mark II (150),Flight Controllers (6),2
Starhawk-class Battleship Mark II (150),Expanded Hangar Bay (5),2
Starhawk-class Battleship Mark II (150),Linked Turbolaser Towers (7),20
Starhawk-class Battleship Mark II (150),Major Derlin (7),3
Starhawk-class Battleship Mark II (150),Local Fire Control (4),5
Starhawk-class Battleship Mark II (150),Boarding Troopers (3),6
Starhawk-class Battleship Mark II (150),Raymus Antilles (7),3
Starhawk-class Battleship Mark II (150),Intel Officer (7),2
Starhawk-class Battleship Mark II (150),Flak Guns (3),1
Starhawk-class Battleship Mark II (150),Ruthless Strategists (4),1
Starhawk-class Battleship Mark II (150),Enhanced Armament (10),2
Starhawk-class Battleship Mark II (150),Leading Shots (5),3
Starhawk-class Battleship Mark II (150),Magnite Crystal Tractor Beam Array (10),3
Starhawk-class Battleship Mark II (150),MS-1 Ion Cannon (2),1
Starhawk-class Battleship Mark II (150),Heavy Ion Emplacements (9),2
Starhawk-class Battleship Mark II (150),Damage Control Officer (3),2
Starhawk-class Battleship Mark II (150),Fire-Control Team (2),1
Starhawk-class Battleship Mark II (150),Phylon Q7 Tractor Beams (6),1
Starhawk-class Battleship Mark II (150),Veteran Gunners (5),1
Starhawk-class Battleship Mark II (150),Hardened Bulkheads (5),1
Starhawk-class Battleship Mark II (150),Flight Commander (3),1
Starhawk-class Battleship Mark II (150),Flag Bridge (0),1
Starhawk-class Battleship Mark II (150),Intensify Firepower! (6),1
Starhawk-class Battleship Mark II (150),Weapons Liaison (3),1
Starhawk-class Battleship Mark II (150),Sensor Team (5),1
Starhawk-class Battleship Mark II (150),Boosted Comms (4),1
Starhawk-class Battleship Mark II (150),High-Capacity Ion Turbines (6),1
Starhawk-class Battleship Mark II (150),Gunnery Team (7),1
Starhawk-class Battleship Mark II (150),XI7 Turbolasers (6),1
Hondo Ohnaka - Slave I (24),Reserve Hangar Deck (4),7
Hondo Ohnaka - Slave I (24),Linked Turbolaser Towers (7),1
Hondo Ohnaka - Slave I (24),Projection Experts (6),5
Hondo Ohnaka - Slave I (24),Munitions Resupply (3),3
Hondo Ohnaka - Slave I (24),Suppressor (4),1
Hondo Ohnaka - Slave I (24),Boosted Comms (4),1
Hondo Ohnaka - Slave I (24),Parts Resupply (3),3
Hondo Ohnaka - Slave I (24),Comms Net (2),2
Hondo Ohnaka - Slave I (24),Auxiliary Shields Team (3),1
Hondo Ohnaka - Slave I (24),Bomber Command Center (8),1
Hondo Ohnaka - Slave I (24),Turbolaser Reroute Circuits (7),1
Hondo Ohnaka - Slave I (24),Proximity Mines (4),1
Hondo Ohnaka - Slave I (24),Darth Vader (4),1
Centicore (3),Captain Needa (2),1
Centicore (3),Engine Techs (8),1
Centicore (3),Comms Net (2),1
Centicore (3),Skilled First Officer (1),1
Centicore (3),Linked Turbolaser Towers (7),1
Centicore (3),Suppressor (4),1
Linked Turbolaser Towers (7),Implacable (4),1
Skilled First Officer (1),Thermal Shields (5),1
Skilled First Officer (1),Point Defense Ion Cannons (6),2
Skilled First Officer (1),Linked Turbolaser Towers (7),4
Skilled First Officer (1),Hondo Ohnaka (2),2
Skilled First Officer (1),Electronic Countermeasures (7),1
Skilled First Officer (1),Adi Gallia (3),1
Skilled First Officer (1),Darth Vader (4),1
Skilled First Officer (1),Ordnance Experts (4),1
Skilled First Officer (1),H9 Turbolasers (8),1
Skilled First Officer (1),Assault Proton Torpedoes (4),1
Skilled First Officer (1),GR-75 Medium Transports (18),1
Skilled First Officer (1),Comms Net (2),1
Skilled First Officer (1),Auxiliary Shields Team (3),1
Skilled First Officer (1),Skilled First Officer (1),1
Skilled First Officer (1),Projection Experts (6),1
Skilled First Officer (1),Parts Resupply (3),1
Skilled First Officer (1),Reinforced Blast Doors (5),1
Skilled First Officer (1),Radiant VII (1),1
Radiant VII (1),Slicer Tools (7),1
Radiant VII (1),Projection Experts (6),1
Radiant VII (1),Clone Captain Silver (4),1
Radiant VII (1),Comms Net (2),1
Radiant VII (1),Munitions Resupply (3),1
Radiant VII (1),Hondo Ohnaka (2),1
Radiant VII (1),Clone Navigation Officer (4),1
Radiant VII (1),Bomber Command Center (8),1
Comms Net (2),Comms Net (2),2
Comms Net (2),Vector (2),1
Comms Net (2),Reserve Hangar Deck (4),1
Comms Net (2),GR-75 Medium Transports (18),1
Comms Net (2),Quantum Storm (1),1
Comms Net (2),Proximity Mines (4),3
Comms Net (2),Admiral Titus (2),1
Comms Net (2),Parts Resupply (3),1
Comms Net (2),Darth Vader (4),1
Fighter Coordination Team (3),Parts Resupply (3),1
Fighter Coordination Team (3),Fighter Coordination Team (3),1
Fighter Coordination Team (3),Cluster Bombs (5),1
Fighter Coordination Team (3),External Racks (4),1
Fighter Coordination Team (3),Darth Vader (4),1
Turbolaser Reroute Circuits (7),GR-75 Medium Transports (18),7
Turbolaser Reroute Circuits (7),Parts Resupply (3),1
Turbolaser Reroute Circuits (7),Bright Hope (2),2
Turbolaser Reroute Circuits (7),Turbolaser Reroute Circuits (7),5
Turbolaser Reroute Circuits (7),Leia Organa (3),1
Turbolaser Reroute Circuits (7),Ahsoka Tano (2),2
Turbolaser Reroute Circuits (7),Sabine Wren (4),1
Adar Tallon (10),Boosted Comms (4),2
Adar Tallon (10),Bomber Command Center (8),2
Adar Tallon (10),GR-75 Medium Transports (18),2
Adar Tallon (10),Toryn Farr (7),1
Adar Tallon (10),Quantum Storm (1),1
Captain Needa (2),Ordnance Experts (4),1
Captain Needa (2),Electronic Countermeasures (7),1
Captain Needa (2),External Racks (4),1
Captain Needa (2),Point Defense Ion Cannons (6),2
Captain Needa (2),Darth Vader (4),2
Captain Needa (2),Turbolaser Reroute Circuits (7),3
Captain Needa (2),Reserve Hangar Deck (4),1
Captain Needa (2),Projection Experts (6),1
Captain Needa (2),Proximity Mines (4),1
Captain Needa (2),G7-X Grav Well Projector (2),1
Captain Needa (2),Grav Shift Reroute (2),1
Captain Needa (2),Hondo Ohnaka (2),1
Jaina's Light (5),Ahsoka Tano (2),1
Jaina's Light (5),Turbolaser Reroute Circuits (7),5
Jaina's Light (5),Ezra Bridger (3),1
Jaina's Light (5),GR-75 Medium Transports (18),2
Jaina's Light (5),Comms Net (2),1
Jaina's Light (5),Hondo Ohnaka (2),1
Jaina's Light (5),Toryn Farr (7),1
Jaina's Light (5),Tantive IV (3),1
Parts Resupply (3),GR-75 Medium Transports (18),1
Rune Haako (4),Gunnery Team (7),1
Rune Haako (4),Linked Turbolaser Towers (7),2
Rune Haako (4),Ordnance Experts (4),1
Rune Haako (4),B2 Rocket Troopers (7),2
Rune Haako (4),Assault Proton Torpedoes (4),1
Clone Navigation Officer (4),Fighter Coordination Team (3),2
Clone Navigation Officer (4),Parts Resupply (3),1
Clone Navigation Officer (4),Hondo Ohnaka (2),1
Clone Navigation Officer (4),Comms Net (2),2
Clone Navigation Officer (4),Munitions Resupply (3),1
Clone Navigation Officer (4),Reinforced Blast Doors (5),1
Clone Navigation Officer (4),Reserve Hangar Deck (4),1
Admiral Titus (2),Comms Net (2),1
Admiral Titus (2),Ordnance Experts (4),1
Admiral Titus (2),Auxiliary Shields Team (3),1
Admiral Titus (2),External Racks (4),1
Toryn Farr (7),GR-75 Medium Transports (18),2
Toryn Farr (7),Hondo Ohnaka (2),1
Toryn Farr (7),Comms Net (2),2
Toryn Farr (7),Slicer Tools (7),2
Toryn Farr (7),Boosted Comms (4),2
Toryn Farr (7),Bomber Command Center (8),1
Toryn Farr (7),Munitions Resupply (3),2
Ahsoka Tano (2),Comms Net (2),3
Ahsoka Tano (2),GR-75 Medium Transports (18),3
Ahsoka Tano (2),Toryn Farr (7),1
Ahsoka Tano (2),Leia Organa (3),1
Ahsoka Tano (2),Munitions Resupply (3),1
Ahsoka Tano (2),Parts Resupply (3),1
Munitions Resupply (3),Clone Navigation Officer (4),1
Munitions Resupply (3),Projection Experts (6),1
Munitions Resupply (3),Parts Resupply (3),1
Heavy Ion Emplacements (9),GR-75 Medium Transports (18),1
Heavy Ion Emplacements (9),Quantum Storm (1),1
Bright Hope (2),Toryn Farr (7),2
Bright Hope (2),Jamming Field (2),1
Bright Hope (2),GR-75 Medium Transports (18),2
Bright Hope (2),Ahsoka Tano (2),1
Bright Hope (2),Comms Net (2),1
Bright Hope (2),Adar Tallon (10),1
Dodonna's Pride (4),GR-75 Medium Transports (18),3
Dodonna's Pride (4),Adar Tallon (10),3
Dodonna's Pride (4),Ezra Bridger (3),1
Dodonna's Pride (4),Leading Shots (5),1
Dodonna's Pride (4),Garel's Honor (4),1
Boosted Comms (4),GR-75 Medium Transports (18),3
Boosted Comms (4),Toryn Farr (7),2
Boosted Comms (4),Quantum Storm (1),1
Boosted Comms (4),Comms Net (2),1
Patriot Fist (6),Tikkes (2),1
Patriot Fist (6),Ordnance Experts (4),1
Patriot Fist (6),Swivel-Mount Batteries (8),1
Patriot Fist (6),Assault Proton Torpedoes (4),1
Patriot Fist (6),Beast of Burden (6),1
Patriot Fist (6),Reserve Hangar Deck (4),1
Patriot Fist (6),External Racks (4),1
Patriot Fist (6),Linked Turbolaser Towers (7),1
Patriot Fist (6),Skilled First Officer (1),1
Projection Experts (6),Parts Resupply (3),4
Projection Experts (6),Munitions Resupply (3),3
Projection Experts (6),Electronic Countermeasures (7),2
Projection Experts (6),Expert Shield Tech (5),1
Projection Experts (6),Projection Experts (6),1
Projection Experts (6),Clone Captain Zak (5),1
Thermal Shields (5),Auxiliary Shields Team (3),1
Thermal Shields (5),Point Defense Ion Cannons (6),2
Thermal Shields (5),Linked Turbolaser Towers (7),2
Thermal Shields (5),Beast of Burden (6),1
Thermal Shields (5),Tikkes (2),1
TI-99 (4),Reserve Hangar Deck (4),1
TI-99 (4),Linked Turbolaser Towers (7),1
TI-99 (4),Tikkes (2),1
Slicer Tools (7),GR-75 Medium Transports (18),1
Slicer Tools (7),Ahsoka Tano (2),1
Swift Return (3),Parts Resupply (3),1
Liberator (2),Cluster Bombs (5),1
Liberator (2),Turbolaser Reroute Circuits (7),1
Liberator (2),Entrapment Formation! (5),1
Liberator (2),Ezra Bridger (3),1
Cluster Bombs (5),Turbolaser Reroute Circuits (7),1
Cluster Bombs (5),GR-75 Medium Transports (18),1
Cluster Bombs (5),Toryn Farr (7),1
Reserve Hangar Deck (4),Linked Turbolaser Towers (7),1
Reserve Hangar Deck (4),Reserve Hangar Deck (4),3
Reserve Hangar Deck (4),Comms Net (2),1
Reserve Hangar Deck (4),Dual Turbolaser Turrets (4),1
Tikkes (2),Comms Net (2),2
Tikkes (2),Hondo Ohnaka (2),2
Tikkes (2),Flight Commander (3),1
Tikkes (2),Slicer Tools (7),1
Tikkes (2),Beast of Burden (6),1
Nova Defiant (4),Shu Mai (4),2
Nova Defiant (4),Gunnery Team (7),2
Nova Defiant (4),B2 Rocket Troopers (7),2
Nova Defiant (4),Swivel-Mount Batteries (8),2
Nova Defiant (4),Assault Proton Torpedoes (4),2
Emperor Palpatine (3),Expanded Hangar Bay (5),1
Wat Tambor - Belbullab-22 Starfighter Squadron (18),Reserve Hangar Deck (4),1
Wat Tambor - Belbullab-22 Starfighter Squadron (18),Slicer Tools (7),1
Raymus Antilles (7),Projection Experts (6),1
Raymus Antilles (7),Intensify Firepower! (6),1
Raymus Antilles (7),GR-75 Medium Transports (18),1
Raymus Antilles (7),Ahsoka Tano (2),1
B2 Rocket Troopers (7),Linked Turbolaser Towers (7),7
B2 Rocket Troopers (7),Tikkes (2),2
B2 Rocket Troopers (7),Reinforced Blast Doors (5),1
B2 Rocket Troopers (7),B2 Rocket Troopers (7),3
B2 Rocket Troopers (7),Beast of Burden (6),1
B2 Rocket Troopers (7),Patriot Fist (6),1
Chart Officer (2),Medical Team (1),1
Chart Officer (2),Slicer Tools (7),1
Chart Officer (2),Ordnance Experts (4),1
Foresight (10),Intel Officer (7),1
Foresight (10),Ordnance Experts (4),1
Foresight (10),Assault Proton Torpedoes (4),1
Foresight (10),XI7 Turbolasers (6),1
Foresight (10),GR-75 Medium Transports (18),1
Foresight (10),Bright Hope (2),1
Leia Organa (3),Comms Net (2),2
Leia Organa (3),GR-75 Medium Transports (18),2
Leia Organa (3),Hondo Ohnaka (2),1
Leia Organa (3),Bright Hope (2),1
Task Force Organa (1),External Racks (4),3
Task Force Organa (1),Task Force Organa (1),3
External Racks (4),GR-75 Medium Transports (18),1
External Racks (4),Bright Hope (2),1
External Racks (4),Darth Vader (4),1
External Racks (4),Task Force Organa (1),5
External Racks (4),match not found for 388,1
Expert Shield Tech (5),Engine Techs (8),1
Expert Shield Tech (5),Slicer Tools (7),1
Expert Shield Tech (5),Expert Shield Tech (5),2
Expert Shield Tech (5),Projection Experts (6),1
Expert Shield Tech (5),Electronic Countermeasures (7),1
Expert Shield Tech (5),Parts Resupply (3),1
Expert Shield Tech (5),Quad Battery Turrets (5),1
Expert Shield Tech (5),Comms Net (2),1
Expert Shield Tech (5),External Racks (4),2
Expert Shield Tech (5),Turbolaser Reroute Circuits (7),1
Expert Shield Tech (5),GR-75 Medium Transports (18),1
Expert Shield Tech (5),Quantum Storm (1),1
Expert Shield Tech (5),Ordnance Experts (4),1
Expert Shield Tech (5),Garel's Honor (4),1
Engine Techs (8),Slicer Tools (7),1
Engine Techs (8),Tranquility (7),1
Engine Techs (8),Thermal Shields (5),1
Engine Techs (8),Heavy Ion Emplacements (9),1
Engine Techs (8),Linked Turbolaser Towers (7),1
Clone Captain Silver (4),Flak Guns (3),1
Clone Captain Silver (4),Ordnance Experts (4),1
Clone Captain Silver (4),Ordnance Pods (3),1
Clone Captain Silver (4),Intensify Firepower! (6),1
Admonition (10),Intel Officer (7),1
Admonition (10),Ordnance Experts (4),1
Admonition (10),External Racks (4),1
Admonition (10),Linked Turbolaser Towers (7),1
Admonition (10),GR-75 Medium Transports (18),1
Admonition (10),Munitions Resupply (3),1
Hand of Justice (2),Expert Shield Tech (5),1
Hand of Justice (2),Auxiliary Shields Team (3),1
Hand of Justice (2),Heavy Fire Zone (2),1
Hand of Justice (2),Comms Net (2),1
Implacable (4),Expert Shield Tech (5),1
Implacable (4),Ordnance Experts (4),1
Implacable (4),Ordnance Pods (3),1
Implacable (4),H9 Turbolasers (8),1
Implacable (4),Linked Turbolaser Towers (7),1
Nevoota Bee (5),Ahsoka Tano (6),2
Nevoota Bee (5),Flight Controllers (6),2
Nevoota Bee (5),Boosted Comms (4),2
Nevoota Bee (5),Expanded Hangar Bay (5),2
Nevoota Bee (5),Munitions Resupply (3),1
Auxiliary Shields Team (3),Bomber Command Center (8),1
Auxiliary Shields Team (3),Proximity Mines (4),1
Auxiliary Shields Team (3),Auxiliary Shields Team (3),1
Auxiliary Shields Team (3),Skilled First Officer (1),1
Reinforced Blast Doors (5),Linked Turbolaser Towers (7),1
Quasar Fire II-class Cruiser-Carrier (61),Flight Commander (3),5
Quasar Fire II-class Cruiser-Carrier (61),Flight Controllers (6),10
Quasar Fire II-class Cruiser-Carrier (61),Ruthless Strategists (4),7
Quasar Fire II-class Cruiser-Carrier (61),Boosted Comms (4),10
Quasar Fire II-class Cruiser-Carrier (61),Taskmaster Grint (5),2
Quasar Fire II-class Cruiser-Carrier (61),Veteran Gunners (5),2
Quasar Fire II-class Cruiser-Carrier (61),Reserve Hangar Deck (4),1
Quasar Fire II-class Cruiser-Carrier (61),Admiral Titus (2),1
Quasar Fire II-class Cruiser-Carrier (61),Pursuant (2),2
Quasar Fire II-class Cruiser-Carrier (61),Expanded Hangar Bay (5),1
Quasar Fire II-class Cruiser-Carrier (61),Squall (7),2
Quasar Fire II-class Cruiser-Carrier (61),Wing Commander (6),2
Quasar Fire II-class Cruiser-Carrier (61),Captain Brunson (9),1
Quasar Fire II-class Cruiser-Carrier (61),Admiral Chiraneau (10),1
Quasar Fire II-class Cruiser-Carrier (61),Emperor Palpatine (3),1
Quasar Fire II-class Cruiser-Carrier (61),Boarding Troopers (3),1
Suppressor (4),Commander Woldar (4),1
Suppressor (4),Comms Net (2),1
TB-73 (5),Hondo Ohnaka (2),1
TB-73 (5),Bomber Command Center (8),1
Darth Vader (4),Munitions Resupply (3),1
Darth Vader (4),Parts Resupply (3),2
Darth Vader (4),Comms Net (2),3
Tantive IV (3),Hondo Ohnaka (2),1
Tantive IV (3),GR-75 Medium Transports (18),2
Tantive IV (3),Ahsoka Tano (2),2
Tantive IV (3),Bright Hope (2),1
Instigator (4),Iden Versio (6),2
Instigator (4),Ordnance Experts (4),2
Instigator (4),External Racks (4),1
Instigator (4),Flechette Torpedoes (3),1
Instigator (4),Commander Woldar (4),1
Squall (7),Taskmaster Grint (5),1
Squall (7),Flight Controllers (6),1
Squall (7),Expanded Hangar Bay (5),1
Squall (7),Boosted Comms (4),1
Proximity Mines (4),Comms Net (2),1
Proximity Mines (4),Proximity Mines (4),2
Proximity Mines (4),Linked Turbolaser Towers (7),1
Clone Captain Zak (5),Linked Turbolaser Towers (7),1
Clone Captain Zak (5),Clone Navigation Officer (4),1
Clone Captain Zak (5),External Racks (4),1
Clone Captain Zak (5),Radiant VII (1),1
Point Defense Ion Cannons (6),Point Defense Ion Cannons (6),1
Point Defense Ion Cannons (6),Linked Turbolaser Towers (7),1
Lando Calrissian - Millennium Falcon (24),Ordnance Experts (4),1
Lando Calrissian - Millennium Falcon (24),Assault Proton Torpedoes (4),1
Lando Calrissian - Millennium Falcon (24),GR-75 Medium Transports (18),1
Lando Calrissian - Millennium Falcon (24),Slicer Tools (7),1
Wedge Antilles (4),Bomber Command Center (8),1
Wedge Antilles (4),GR-75 Medium Transports (18),1
Wedge Antilles (4),Toryn Farr (7),1
Demolisher (10),Chart Officer (2),2
Demolisher (10),Ordnance Experts (4),5
Demolisher (10),Engine Techs (8),4
Demolisher (10),External Racks (4),3
Demolisher (10),Corvus (2),2
Demolisher (10),Fighter Coordination Team (3),1
Demolisher (10),Comms Net (2),1
Demolisher (10),Assault Concussion Missiles (5),2
Demolisher (10),Reeva Demesne (4),1
Demolisher (10),Expanded Hangar Bay (5),1
Demolisher (10),Skilled First Officer (1),1
Demolisher (10),Assault Proton Torpedoes (4),1
Demolisher (10),Hondo Ohnaka (2),1
Demolisher (10),Agent Kallus (3),1
Demolisher (10),Ruthless Strategists (4),1
Demolisher (10),Darth Vader (4),1
Iden Versio (6),Ordnance Experts (4),1
Iden Versio (6),External Racks (4),1
Iden Versio (6),Slicer Tools (7),1
Boarding Engineers (2),Proximity Mines (4),1
Boarding Engineers (2),Projection Experts (6),1
Kyrsta Agate (5),Gunnery Team (7),1
Kyrsta Agate (5),Electronic Countermeasures (7),1
Kyrsta Agate (5),Linked Turbolaser Towers (7),1
Kyrsta Agate (5),GR-75 Medium Transports (18),1
Kyrsta Agate (5),Bright Hope (2),1
Intel Officer (7),Fighter Coordination Team (3),1
Intel Officer (7),External Racks (4),1
Intel Officer (7),Intel Officer (7),1
Ordnance Experts (4),Disposable Capacitors (3),1
Ordnance Experts (4),Assault Proton Torpedoes (4),1
Ordnance Experts (4),Bright Hope (2),1
Ordnance Experts (4),External Racks (4),2
Ordnance Experts (4),Turbolaser Reroute Circuits (7),1
Ordnance Experts (4),GR-75 Medium Transports (18),1
Ordnance Experts (4),Comms Net (2),1
Flight Commander (3),Bomber Command Center (8),1
Flight Commander (3),Expanded Hangar Bay (5),1
Darth Vader (3),External Racks (4),1
Darth Vader (3),Hondo Ohnaka (2),1
Grav Shift Reroute (2),G-8 Experimental Projector (8),1
Grav Shift Reroute (2),Demolisher (10),1
Profundity (7),Raymus Antilles (7),1
Profundity (7),Ordnance Experts (4),1
Profundity (7),Electronic Countermeasures (7),1
Profundity (7),Expanded Launchers (8),1
Profundity (7),Assault Concussion Missiles (5),1
Cham Syndulla (5),GR-75 Medium Transports (18),2
Cham Syndulla (5),Hondo Ohnaka (2),2
Cham Syndulla (5),External Racks (4),1
Vector (2),Wullf Yularen (7),1
Vector (2),Boosted Comms (4),1
Vector (2),Taskmaster Grint (5),1
Shu Mai (4),Ordnance Experts (4),1
Shu Mai (4),B2 Rocket Troopers (7),1
Shu Mai (4),Assault Proton Torpedoes (4),1
Shu Mai (4),Swivel-Mount Batteries (8),1
SW-7 Ion Batteries (5),GR-75 Medium Transports (18),1
SW-7 Ion Batteries (5),Hondo Ohnaka (2),1
Passel Argente (6),Engine Techs (8),1
Passel Argente (6),Proximity Mines (4),1
Passel Argente (6),Linked Turbolaser Towers (7),1
Garel's Honor (4),Shriv Suurgav (4),1
Garel's Honor (4),External Racks (4),1
Garel's Honor (4),Jaina's Light (5),1
Electronic Countermeasures (7),Projection Experts (6),1
Director Krennic (8),Slaved Turrets (6),1
Director Krennic (8),Hondo Ohnaka (2),1
Slaved Turrets (6),Task Force Organa (1),2
Veteran Gunners (5),Quad Turbolaser Cannons (10),1
Veteran Gunners (5),GR-75 Medium Transports (18),1
Veteran Gunners (5),Comms Net (2),1
Interdictor Combat Refit (93),Captain Needa (2),1
Interdictor Combat Refit (93),Proximity Mines (4),1
Interdictor Combat Refit (93),Projection Experts (6),1
Interdictor Combat Refit (93),G7-X Grav Well Projector (2),1
XI7 Turbolasers (6),Darth Vader (4),1
XI7 Turbolasers (6),Comms Net (2),1